lat Jan Feb Mar Apr May Jun Jul Aug Sep Oct Nov Dec
90 247.4883 246.6045 245.6194 248.3300 250.9145 261.7650 267.3202 262.7863 263.0433     nan     nan     nan
87 247.6786 246.8987 245.7392 248.4872 251.3123 262.0429 267.3404 263.2406 263.0076     nan     nan     nan
85 248.0292 247.5148 246.0489 248.9782 252.2840 262.7270 267.4138 264.3303 262.9127     nan     nan     nan
82 248.1711 247.9674 246.4523 249.8565 253.4312 263.4780 267.5920 265.5127 262.7957     nan     nan     nan
80 248.0584 248.0661 246.9317 251.0676 254.6542 264.0736 267.9741 266.4680 262.7489     nan     nan     nan
77 247.9727 248.0304 247.5508 252.4199 256.0961 264.5370 268.6078 267.2387 262.8953     nan     nan     nan
75 248.1592 248.1500 248.3440 253.6813 257.7652 265.0237 269.4013 267.9772 263.3068     nan     nan     nan
72 248.6627 248.5064 249.2541 254.7247 259.4386 265.6461 270.1883 268.7332 263.9631     nan     nan     nan
70 249.4575 249.0394 250.2262 255.6003 260.9290 266.4314 270.8904 269.4864 264.7751     nan     nan     nan
67 250.5288 249.7345 251.3119 256.4595 262.2348 267.3707 271.5552 270.2303 265.6557     nan     nan     nan
65 251.7892 250.6355 252.6079 257.3953 263.4023 268.4215 272.2255 270.9500 266.5821     nan     nan     nan
62 253.0773 251.7264 254.1053 258.3702 264.4320 269.4701 272.8611 271.6066 267.6161     nan     nan     nan
60 254.2975 252.9204 255.6707 259.3182 265.3715 270.3864 273.4212 272.2131 268.8612     nan     nan     nan
57 255.4679 254.1567 257.1972 260.2848 266.3381 271.1481 273.9612 272.8781 270.3559     nan     nan     nan
55 256.6150 255.4544 258.6941 261.4006 267.3669 271.8686 274.5925 273.7107 271.9834     nan     nan     nan
52 257.7447 256.8626 260.2093 262.7245 268.3640 272.6826 275.3922 274.7493 273.5398     nan     nan     nan
50 258.9336 258.4159 261.7527 264.1940 269.3125 273.6519 276.4014 275.9996 274.9360     nan     nan     nan
47 260.3149 260.1294 263.3390 265.7423 270.3757 274.7756 277.6512 277.4631 276.2749     nan     nan     nan
45 261.9189 261.9896 265.0273 267.3912 271.6822 276.0218 279.0930 279.0441 277.6691     nan     nan     nan
42 263.6402 263.9547 266.8424 269.1769 273.1195 277.3232 280.5370 280.5204 279.0489     nan     nan     nan
40 265.4178 265.9838 268.7078 271.0652 274.4911 278.6128 281.7757 281.7138 280.2479     nan     nan     nan
37 267.3335 268.0762 270.5309 272.9681 275.7981 279.8876 282.7625 282.6455 281.2384     nan     nan     nan
35 269.4533 270.2528 272.3063 274.8045 277.1948 281.1596 283.5724 283.4273 282.1387     nan     nan     nan
32 271.6721 272.4855 274.0648 276.4887 278.6971 282.3370 284.2110 284.0461 282.9870     nan     nan     nan
30 273.8235 274.6929 275.7654 277.9348 280.1133 283.2524 284.5966 284.4155 283.6637     nan     nan     nan
27 275.8654 276.7803 277.3216 279.1452 281.2880 283.8581 284.7408 284.5832 284.0843     nan     nan     nan
25 277.8319 278.6528 278.7192 280.2391 282.2508 284.2932 284.8030 284.7224 284.3266     nan     nan     nan
22 279.6458 280.2042 280.0026 281.3068 283.0657 284.6726 284.8771 284.8797 284.4911     nan     nan     nan
20 281.1096 281.3618 281.1635 282.2683 283.6726 284.9054 284.8625 284.9030 284.5384     nan     nan     nan
17 282.0891 282.1580 282.1156 282.9638 283.9782 284.8447 284.6425 284.6784 284.3856     nan     nan     nan
15 282.6112 282.6976 282.7885 283.3447 284.0256 284.5243 284.2740 284.2973 284.0748     nan     nan     nan
12 282.7885 283.0378 283.1730 283.4955 283.9601 284.1211 283.8985 283.9070 283.7258     nan     nan     nan
10 282.7281 283.1512 283.2883 283.4964 283.8622 283.7429 283.5475 283.5278 283.3892     nan     nan     nan
7 282.5418 283.0485 283.1895 283.3817 283.7247 283.3932 283.1830 283.1418 283.0705     nan     nan     nan
5 282.3542 282.8580 283.0119 283.2236 283.5650 283.1143 282.8680 282.8400 282.8436     nan     nan     nan
2 282.2448 282.7286 282.9092 283.1325 283.4606 282.9949 282.7138 282.7319 282.7823     nan     nan     nan
0 282.2140 282.6949 282.9185 283.1411 283.4590 283.0247 282.7127 282.7774 282.8342     nan     nan     nan
