lat Jan Feb Mar Apr May Jun Jul Aug Sep Oct Nov Dec
90 249.0922 247.2848 246.4250 248.4100 254.9952 264.5858 266.8185 262.5790 256.9417     nan     nan     nan
87 249.0649 247.5493 246.4055 248.4456 255.0312 264.7685 266.7536 262.8792 257.5133     nan     nan     nan
85 248.8808 248.0452 246.3768 248.6074 255.2646 265.1337 266.6159 263.6714 259.0195     nan     nan     nan
82 248.4692 248.2857 246.4713 248.9745 255.8789 265.4022 266.5744 264.6980 260.9225     nan     nan     nan
80 248.0343 248.2288 246.8300 249.5829 256.7923 265.5207 266.8326 265.7452 262.6861     nan     nan     nan
77 247.9229 248.2806 247.5249 250.4458 257.7208 265.6615 267.4750 266.7123 264.0724     nan     nan     nan
75 248.2615 248.7548 248.5157 251.6007 258.5135 265.9476 268.3884 267.5657 265.1828     nan     nan     nan
72 248.8953 249.5484 249.7174 253.0509 259.2794 266.3454 269.3690 268.3034 266.2037     nan     nan     nan
70 249.6773 250.3902 251.0774 254.7053 260.1727 266.8135 270.2910 268.9607 267.1749     nan     nan     nan
67 250.6317 251.1821 252.5577 256.4294 261.1956 267.3979 271.1352 269.6114 268.0323     nan     nan     nan
65 251.8021 252.0061 254.0560 258.1168 262.2531 268.1335 271.9095 270.3171 268.7870     nan     nan     nan
62 253.0975 252.9457 255.4198 259.6822 263.2992 268.9604 272.6298 271.1143 269.5724     nan     nan     nan
60 254.3922 254.0257 256.5798 261.0446 264.3615 269.8035 273.3598 272.0473 270.5050     nan     nan     nan
57 255.6768 255.2511 257.6216 262.2028 265.4730 270.6496 274.1922 273.1587 271.5973     nan     nan     nan
55 257.0082 256.6056 258.6940 263.2903 266.6579 271.5258 275.1488 274.4200 272.7950     nan     nan     nan
52 258.3958 258.0421 259.8748 264.4698 267.9511 272.4686 276.1805 275.7338 274.0379     nan     nan     nan
50 259.8297 259.5555 261.1761 265.8070 269.3920 273.5659 277.2621 277.0359 275.2848     nan     nan     nan
47 261.3703 261.2141 262.6284 267.2904 270.9775 274.9213 278.4170 278.3443 276.5261     nan     nan     nan
45 263.0776 263.0569 264.2722 268.9099 272.6423 276.4948 279.6276 279.6582 277.8138     nan     nan     nan
42 264.8814 264.9864 266.0694 270.6249 274.2758 278.0703 280.8029 280.8841 279.2155     nan     nan     nan
40 266.6426 266.8512 267.9178 272.3129 275.7787 279.4728 281.8868 281.9264 280.6841     nan     nan     nan
37 268.3516 268.6166 269.7699 273.8712 277.1285 280.7415 282.8996 282.8137 282.0208     nan     nan     nan
35 270.1727 270.3859 271.6772 275.3503 278.3842 281.9791 283.8196 283.6159 283.0081     nan     nan     nan
32 272.2354 272.2639 273.6758 276.8807 279.6261 283.1077 284.5071 284.2807 283.5924     nan     nan     nan
30 274.4740 274.2698 275.7054 278.4849 280.8764 283.9284 284.8639 284.6844 283.9088     nan     nan     nan
27 276.7124 276.3661 277.6827 280.0509 282.0977 284.4196 284.9985 284.8390 284.1358     nan     nan     nan
25 278.8228 278.4777 279.5664 281.4841 283.2189 284.7776 285.1020 284.9148 284.3500     nan     nan     nan
22 280.7326 280.4581 281.2955 282.7501 284.1539 285.1358 285.1985 285.0069 284.5192     nan     nan     nan
20 282.3282 282.1031 282.7164 283.7789 284.8015 285.3897 285.1508 285.0113 284.5760     nan     nan     nan
17 283.4589 283.2614 283.6774 284.4517 285.1132 285.3730 284.9004 284.7953 284.4969     nan     nan     nan
15 284.0590 283.9314 284.1841 284.7438 285.1430 285.0898 284.5484 284.3826 284.2869     nan     nan     nan
12 284.2210 284.2263 284.3834 284.7692 284.9966 284.6729 284.1781 283.8865 283.9576     nan     nan     nan
10 284.1293 284.2827 284.4127 284.6542 284.7486 284.2156 283.7639 283.3799 283.5414     nan     nan     nan
7 283.9546 284.2062 284.3286 284.4586 284.4462 283.7805 283.3117 282.9257 283.1311     nan     nan     nan
5 283.8012 284.0758 284.1780 284.2457 284.1718 283.4790 282.9659 282.6448 282.8383     nan     nan     nan
2 283.7028 283.9505 284.0431 284.1112 284.0236 283.4008 282.8463 282.6031 282.6957     nan     nan     nan
0 283.6439 283.8649 283.9913 284.0863 284.0199 283.4806 282.8857 282.6966 282.6524     nan     nan     nan
