1978113000 -0.1740  0.0205
1978120100 -0.2673  0.0205
1978120200 -0.3286 -0.0325
1978120300 -0.3787 -0.0325
1978120400 -0.2430  0.0625
1979010400 -0.1641 -0.0375
1979010500 -0.2084  0.0035
1979010600 -0.1688  0.0035
1979020200 -0.1857 -0.0090
1979032700 -0.1704 -0.1020
1979032800 -0.3096 -0.1485
1979032900 -0.3548 -0.1485
1979033000 -0.2503  0.0205
1979050300 -0.1675 -0.0640
1979050400 -0.1698 -0.0640
1979092000 -0.1782 -0.0075
1979092100 -0.1655 -0.0075
1979101200 -0.1705  0.1010
1979102900 -0.2476 -0.0360
1979103000 -0.2417  0.0635
1979121500 -0.1913  0.0270
1980012700 -0.1824 -0.0425
1980031000 -0.2003 -0.0640
1980031100 -0.2030 -0.0640
1980100300 -0.2469 -0.0050
1980101600 -0.2094  0.0270
1980101700 -0.1850  0.0270
1980101800 -0.1682  0.0585
1980120200 -0.2451  0.0085
1980121800 -0.2142 -0.0740
1980121900 -0.3548 -0.0325
1980122000 -0.2984 -0.0325
1980122100 -0.1703  0.0410
1981020800 -0.1710 -0.0440
1981020900 -0.2146 -0.0505
1981021000 -0.2182 -0.0505
1981031800 -0.2120 -0.1215
1981072600 -0.2019 -0.1590
1981101800 -0.1892  0.0125
1981101900 -0.2088  0.0360
1981102000 -0.1799  0.0360
1981102100 -0.1998 -0.0190
1981102200 -0.2791 -0.0190
1981102300 -0.2568  0.0685
1982030900 -0.1913 -0.0930
1982031000 -0.2133 -0.0120
1982040800 -0.2216 -0.1390
1982040900 -0.1648 -0.0020
1982102000 -0.2199  0.0055
1982102100 -0.2223  0.0055
1982110900 -0.2060  0.0865
1982111900 -0.2259 -0.0380
1982112000 -0.2513 -0.0380
1982112100 -0.1881  0.0780
1982120300 -0.1852  0.0220
1982122300 -0.1632  0.0650
1983030100 -0.2449 -0.0770
1983030200 -0.2276 -0.0770
1983030300 -0.1792 -0.0455
1983031700 -0.2290 -0.0725
1983031800 -0.1980 -0.0725
1983041400 -0.2230 -0.0860
1983041500 -0.2021 -0.0860
1983092300 -0.1659  0.0065
1983102500 -0.2853 -0.2635
1983102600 -0.6183 -0.2635
1983102700 -0.3826  0.3505
1983110800 -0.1615  0.0580
1983120300 -0.2232 -0.0525
1983120400 -0.2390  0.1065
1983121600 -0.1958 -0.0205
1983121700 -0.2129 -0.0205
1983121800 -0.2212 -0.0015
1983121900 -0.1978 -0.0015
1984011800 -0.2195 -0.0545
1984020900 -0.1816 -0.0460
1984032300 -0.1943 -0.0675
1984032400 -0.1930 -0.0675
1984072800 -0.2056 -0.2115
1984090300 -0.1798 -0.0655
1984090400 -0.1632 -0.0655
1984101000 -0.2171 -0.0195
1984101100 -0.2770  0.0360
1984101200 -0.2400  0.0360
1984101300 -0.1971  0.0370
1984101400 -0.2141  0.0370
1984101500 -0.2234  0.0100
1984101600 -0.2364  0.0100
1984101700 -0.1680  0.0795
1984112900 -0.1959 -0.0170
1984113000 -0.2010  0.0495
1984120100 -0.2373  0.0495
1984121700 -0.2289 -0.0495
1984121800 -0.1702  0.1075
1985013000 -0.1831 -0.0730
1985013100 -0.1931  0.0425
1985021800 -0.2078 -0.0525
1985021900 -0.2143 -0.0525
1985033100 -0.1925 -0.0935
1985040100 -0.2034 -0.0950
1985040200 -0.1699 -0.0950
1985053100 -0.2352 -0.1380
1985061200 -0.1693 -0.0860
1985071400 -0.1656 -0.1365
1985101000 -0.1771  0.0580
1985101900 -0.2058 -0.0045
1985102000 -0.2314  0.0420
1985102100 -0.1733  0.0420
1985111800 -0.1772 -0.0210
1985122800 -0.2363 -0.0925
1985122900 -0.2376  0.0650
1986012800 -0.2232 -0.0235
1986012900 -0.1945 -0.0235
1986040600 -0.1768 -0.0625
1986102300 -0.1888  0.0095
1986102400 -0.2128  0.0095
1986102500 -0.2003  0.0095
1986102600 -0.1663  0.0095
1987080300 -0.2124 -0.1495
1987080400 -0.2450 -0.1495
1987080500 -0.1679 -0.0645
1987081300 -0.2325 -0.1180
1987081400 -0.2023 -0.1180
1987101300 -0.1731  0.1470
1987101600 -0.2804  0.0010
1987101700 -0.3155  0.0430
1987101800 -0.2307  0.0060
1987102500 -0.2018 -0.0300
1987102600 -0.2178 -0.0200
1987102700 -0.2261  0.0300
1988012400 -0.1984 -0.0630
1988012500 -0.1734 -0.0020
1988020500 -0.2028 -0.0660
1988020700 -0.2260 -0.1350
1988020800 -0.1700 -0.0040
1988020900 -0.2481 -0.0330
1988031400 -0.2552 -0.1690
1988031500 -0.2609 -0.0300
1988031600 -0.1779 -0.0230
1988033000 -0.1888 -0.1080
1988042400 -0.1651 -0.2090
1988042500 -0.1696 -0.0030
1988100300 -0.1629 -0.0300
1988101800 -0.2297  0.0000
1988101900 -0.2508  0.0370
1988102000 -0.1834  0.0440
1988102900 -0.1781  0.0790
1988121800 -0.1777 -0.0310
1989010600 -0.1813 -0.0220
1989013000 -0.2116 -0.0450
1989013100 -0.2306  0.0420
1989021200 -0.2311 -0.0900
1989021300 -0.2055  0.0410
1989021700 -0.2318 -0.0540
1989021800 -0.1813  0.0820
1989030900 -0.3263 -0.1220
1989031000 -0.2733 -0.0540
1989031100 -0.1695  0.0210
1989040200 -0.1744 -0.1230
1989040300 -0.1924 -0.0600
1989041400 -0.1790 -0.1670
1989041800 -0.1776 -0.1750
1989072000 -0.1686 -0.1750
1989082000 -0.1643 -0.0780
1989082100 -0.1669 -0.0580
1989082900 -0.1703 -0.1690
1989092200 -0.1832 -0.0300
1989111300 -0.1979  0.0460
1989121500 -0.1823  0.0150
1989121600 -0.2053 -0.0510
1989121700 -0.1659  0.0530
1990010500 -0.2179 -0.0180
1990021300 -0.2005 -0.0940
1990021400 -0.2369  0.0000
1990031600 -0.1759 -0.0790
1990031700 -0.2725 -0.1210
1990031800 -0.2740 -0.1200
1990031900 -0.2157 -0.0240
1990032000 -0.1900 -0.0880
1990032600 -0.1950 -0.0450
1990032700 -0.2199 -0.0850
1990040900 -0.2498 -0.2380
1990041000 -0.3815 -0.1400
1990041100 -0.2956 -0.0470
1990041700 -0.1829 -0.1820
1990041800 -0.1956 -0.0810
1990041900 -0.1922 -0.0560
1990060200 -0.2053 -0.1030
1990071600 -0.1668 -0.1240
1990071700 -0.1925 -0.0760
1990072500 -0.1780 -0.1390
1990120800 -0.1674  0.0700
1990122600 -0.2093 -0.0600
1990122700 -0.2416 -0.0610
1990122800 -0.2773 -0.0480
1990122900 -0.2196  0.0070
1990123000 -0.1853 -0.0020
1991022800 -0.1616 -0.0710
1991070600 -0.2516 -0.2740
1991070700 -0.2516 -0.0940
1991071400 -0.2181 -0.1640
1991072800 -0.1716 -0.1080
1991090700 -0.2173 -0.1010
1991090800 -0.2132 -0.0510
1991091400 -0.1690 -0.0700
1991092200 -0.1822 -0.0280
1991102100 -0.1848  0.0580
1991102200 -0.1941  0.0050
1991102300 -0.1723  0.0520
1991102400 -0.1803  0.0390
1991102500 -0.1678 -0.0300
1991112900 -0.1634  0.0070
1992033100 -0.1705 -0.0630
1992050400 -0.1753 -0.0910
1992101600 -0.1754  0.0830
1992101800 -0.1777  0.0080
1992101900 -0.1978  0.0520
1992102000 -0.2134 -0.0090
1992102100 -0.1778  0.0320
1992102700 -0.1901 -0.0070
1992102800 -0.1666  0.1140
1992120900 -0.2198 -0.0240
1992121000 -0.1685  0.0960
1992121400 -0.2069  0.0260
1993010600 -0.1683 -0.0460
1993013100 -0.2286 -0.0450
1993020100 -0.2184 -0.0130
1993021300 -0.2245  0.0180
1993021400 -0.2049 -0.1100
1993022500 -0.3563 -0.1960
1993022600 -0.3702 -0.0280
1993022700 -0.1713  0.0860
1993031600 -0.1689 -0.0300
1993032000 -0.1620  0.0210
1993042700 -0.2031 -0.2080
1993042800 -0.2266 -0.1180
1993042900 -0.2396 -0.0500
1993070700 -0.2376 -0.2400
1993070800 -0.2340 -0.0780
1993070900 -0.1962 -0.0950
1993082800 -0.2105 -0.1050
1993101600 -0.3034 -0.0350
1993101700 -0.3165  0.0130
1993101800 -0.2497  0.0530
1993111800 -0.1677  0.0220
1993122300 -0.3352 -0.0570
1993122400 -0.2225  0.0080
1994030900 -0.1693 -0.1100
1994100400 -0.1617  0.0220
1994100800 -0.2990 -0.0580
1994100900 -0.2039  0.0660
1994120700 -0.2049  0.0170
1994121400 -0.1679  0.0360
1995011000 -0.2080 -0.0470
1995021500 -0.1613  0.0000
1995031200 -0.2047 -0.0650
1995070600 -0.1676 -0.2430
1995070700 -0.2456 -0.1400
1995070800 -0.2260 -0.0820
1995092900 -0.2010 -0.0470
1995093000 -0.2635 -0.0360
1995100100 -0.2408  0.1240
1995100200 -0.2065  0.0250
1995100300 -0.1779  0.0120
1995100400 -0.2627 -0.0270
1995100500 -0.1930  0.0830
1995110500 -0.2497 -0.1000
1995110600 -0.2308  0.0540
1995110700 -0.1909  0.0260
1995120700 -0.1849 -0.0260
1995120800 -0.2394 -0.0130
1995120900 -0.1718  0.0690
1995121300 -0.1875  0.0900
1995121900 -0.1823  0.0650
1996011000 -0.1990 -0.0260
1996021300 -0.1715 -0.0310
1996022600 -0.1932 -0.0670
1996022700 -0.2193 -0.0340
1996032500 -0.1633 -0.0710
1996040200 -0.2024 -0.1270
1996040300 -0.2264 -0.0700
1996040400 -0.1866 -0.0960
1996093000 -0.2615 -0.0410
1996100100 -0.1968  0.1480
1996100200 -0.1735  0.0390
1996100300 -0.1669 -0.0150
1996100400 -0.1967  0.0520
1996101100 -0.1780  0.0200
1996101400 -0.1741 -0.0270
1996102200 -0.2441  0.0140
1996102900 -0.2121 -0.0540
1996103000 -0.1792  0.0560
1996110200 -0.1963  0.0330
1996110300 -0.2915 -0.0500
1996110400 -0.1647  0.0510
1996110500 -0.1757 -0.0040
1996111000 -0.1769  0.0430
1996111100 -0.1872 -0.0410
1996111600 -0.2018 -0.1380
1996111700 -0.2403  0.1020
1996122800 -0.1923 -0.0150
1997011100 -0.1783  0.0190
1997011600 -0.1902  0.0130
1997012800 -0.1677  0.0070
1997021900 -0.2178 -0.1350
1997022000 -0.2236 -0.0190
1997030300 -0.2087 -0.2110
1997030400 -0.2076 -0.0530
1997030500 -0.2703 -0.0200
1997032700 -0.2579 -0.2300
1997032800 -0.3471 -0.0840
1997032900 -0.2278  0.0420
1997041000 -0.2535 -0.1340
1997041100 -0.2086 -0.0520
1997041200 -0.1730 -0.1280
1997071100 -0.1689 -0.2260
1997073100 -0.2206 -0.1720
1997082500 -0.1897 -0.1060
1997082600 -0.2046 -0.0840
1997100700 -0.1790  0.0550
1997111700 -0.3203 -0.0060
1997121200 -0.2154 -0.0740
1998020900 -0.1651 -0.0480
1998022800 -0.3286 -0.1190
1998030100 -0.2649  0.0010
1998030200 -0.1651 -0.0480
1998032300 -0.2268 -0.0500
1998041200 -0.1700 -0.0500
1998081500 -0.1636 -0.1440
1998101300 -0.1931 -0.0040
1998101500 -0.2234  0.0260
1998102700 -0.2111  0.0700
1998102800 -0.2466  0.0080
1998121000 -0.1725  0.0260
1999011800 -0.2070 -0.0140
1999012200 -0.1687  0.0160
1999030100 -0.2659 -0.1420
1999030200 -0.3511 -0.0890
1999030300 -0.1997  0.0110
1999042000 -0.3008 -0.1940
1999042100 -0.3024 -0.0330
1999060900 -0.2071 -0.1210
1999061600 -0.2116 -0.1510
1999061700 -0.1781 -0.0960
1999062100 -0.2585 -0.2480
1999062200 -0.3049 -0.1750
1999062300 -0.3577 -0.1060
1999062400 -0.1800 -0.0800
1999081200 -0.1678 -0.0790
1999082100 -0.2099 -0.1090
1999082200 -0.2141 -0.1050
1999082300 -0.1978 -0.1090
1999082400 -0.1796 -0.0950
1999110500 -0.1837  0.0290
1999111600 -0.2428  0.0530
1999111700 -0.2053  0.0220
1999112500 -0.1833 -0.0340
1999121400 -0.2419  0.0140
1999121500 -0.2753  0.0660
1999122800 -0.2403 -0.0830
1999122900 -0.2966 -0.0450
1999123000 -0.2543  0.0160
2000011400 -0.3399 -0.0620
2000011500 -0.1730  0.0730
2000021300 -0.1645 -0.0880
2000021400 -0.1639 -0.0180
2000031500 -0.1799 -0.0690
2000031600 -0.1879  0.0030
2000041200 -0.1810 -0.1490
2000041700 -0.1709 -0.1660
2000051100 -0.1743 -0.1200
2000072900 -0.2356 -0.1880
2000073000 -0.2119 -0.1010
2000090100 -0.1972 -0.0850
2000090800 -0.2112 -0.0950
2000102100 -0.2098  0.0480
2000103000 -0.1652  0.0380
2000110600 -0.2048 -0.0790
2000110700 -0.2489  0.0090
2000110800 -0.1785  0.0680
2000111200 -0.2134  0.0360
2000122200 -0.1718 -0.0430
2001012700 -0.1944 -0.0250
2001030700 -0.2028 -0.0320
2001032100 -0.2296 -0.0820
2001032200 -0.1903 -0.0070
2001032900 -0.1888 -0.0890
2001041600 -0.1753 -0.0610
2001052100 -0.1849 -0.1210
2001052200 -0.1657 -0.0580
2001061400 -0.2470 -0.1640
2001061500 -0.2200 -0.0870
2001061600 -0.2016 -0.1090
2001062200 -0.1629 -0.1190
2001062300 -0.2017 -0.0880
2001101200 -0.2295  0.0240
2001101300 -0.1681  0.0920
2001102200 -0.2891 -0.0370
2001102300 -0.2733  0.0400
2001102400 -0.2003  0.0730
2001112200 -0.1697 -0.0010
2001112300 -0.2125  0.0060
2001112400 -0.2216 -0.0160
2001112500 -0.1913  0.0530
2001112600 -0.1641  0.0460
2001112800 -0.2355 -0.0480
2001112900 -0.2354  0.0300
2002022400 -0.1943 -0.0870
2002022500 -0.2203 -0.0060
2002031700 -0.1675 -0.0870
2002033000 -0.2158 -0.0600
2002033100 -0.2185 -0.0490
2002042800 -0.1666 -0.0990
2002071200 -0.1655 -0.0860
2002072800 -0.1876 -0.0800
2002080900 -0.1725 -0.1960
2002103100 -0.1926 -0.0080
2002120800 -0.2134  0.0060
2002122100 -0.1903  0.0410
2002122200 -0.1678  0.0310
2003012200 -0.2247 -0.1840
2003012300 -0.4158 -0.0740
2003012400 -0.3184  0.0470
2003030600 -0.1823 -0.0320
2003040100 -0.1634 -0.1430
2003040200 -0.2314 -0.1510
2003040300 -0.2334 -0.0620
2003042600 -0.1841 -0.1530
2003092200 -0.1922 -0.0950
2003092300 -0.2124  0.0350
2003101000 -0.1711  0.0450
2003101100 -0.1830  0.0730
2003110500 -0.2107 -0.0460
2003110600 -0.1668  0.0060
2004011700 -0.1908 -0.1260
2004013000 -0.1866 -0.0570
2004031200 -0.1747 -0.1060
2004031300 -0.4418 -0.2310
2004031400 -0.2732  0.0360
2004032900 -0.2108 -0.0370
2004033000 -0.2058 -0.0090
2004041100 -0.2126 -0.2060
2004041200 -0.3320 -0.1710
2004041300 -0.3129 -0.0650
2004102000 -0.2054 -0.0410
2004102100 -0.2298  0.0730
2004121800 -0.2057  0.0060
2004122500 -0.2926 -0.1470
2004122600 -0.2743 -0.0130
2004123100 -0.1718 -0.0390
2005011900 -0.1685 -0.0060
2005012000 -0.1734  0.0600
2005020100 -0.1854  0.0120
2005020200 -0.1867  0.0400
2005031500 -0.2519 -0.0530
2005032000 -0.2130 -0.0810
2005032100 -0.1676 -0.0330
2005072100 -0.2468 -0.3970
2005072200 -0.3352 -0.0610
2005072300 -0.2705 -0.0890
2005091800 -0.1655 -0.0580
2005091900 -0.1669 -0.0020
2005111400 -0.1758 -0.0360
2006010700 -0.1670  0.0360
2006010800 -0.1765 -0.0090
2006011500 -0.1740  0.0340
2006011800 -0.2890 -0.1380
2006012000 -0.2374 -0.0940
2006021900 -0.1818 -0.1430
2006022000 -0.2546  0.0090
2006031300 -0.2308 -0.0960
2006031400 -0.2782 -0.0500
2006031500 -0.1809 -0.0670
2006032300 -0.1978 -0.1260
2006032400 -0.1830 -0.0140
2006040900 -0.1878 -0.1210
2006082000 -0.1793 -0.1170
2006091400 -0.2130 -0.0440
2006092900 -0.2070 -0.0420
2006093000 -0.1975  0.0330
2006100100 -0.1658  0.1250
2006100800 -0.1710  0.0470
2006112000 -0.2133 -0.0640
2006112100 -0.2201  0.0170
2007011000 -0.4000 -0.2180
2007011100 -0.3463  0.0100
2007011200 -0.2521  0.0630
2007020500 -0.1648 -0.0520
2007031300 -0.2058 -0.1010
2007031400 -0.1712 -0.0230
2007031500 -0.2159 -0.1240
2007032000 -0.1900 -0.0820
2007063000 -0.2206 -0.1730
2007070100 -0.3016 -0.3200
2007070200 -0.3195 -0.1800
2007070300 -0.3933 -0.2420
2007070400 -0.3336 -0.1120
2007070500 -0.2074 -0.0610
2007100600 -0.2163  0.0590
2007101300 -0.1731  0.0500
2007101400 -0.1681  0.0800
2007111500 -0.1619  0.0510
2007112400 -0.1976  0.0110
2007120200 -0.2981 -0.0490
2007120300 -0.2212  0.1240
2008013100 -0.2176 -0.0540
2008020100 -0.1654  0.0980
2008021400 -0.1809 -0.0920
2008021500 -0.2943 -0.0940
2008021600 -0.1997  0.0390
2008052000 -0.1794 -0.1030
2008080500 -0.2104 -0.2580
2008080600 -0.3104 -0.1060
2008080700 -0.2138 -0.0680
2008082400 -0.1736 -0.1830
2008082500 -0.2417 -0.1300
2008082600 -0.2756 -0.0870
2008110300 -0.1835  0.0680
2008111200 -0.1984 -0.0390
2008111300 -0.2259  0.0210
2008111400 -0.2288  0.0080
2008121300 -0.2135 -0.1150
2008121400 -0.2449 -0.0280
2008121500 -0.2413  0.0960
2008121800 -0.1987 -0.0100
2009012500 -0.1884 -0.0180
2009012600 -0.1930 -0.0330
2009022000 -0.1646  0.0210
2009030800 -0.1676 -0.1210
2009030900 -0.2863 -0.0770
2009031000 -0.2583 -0.0450
2009062500 -0.1653 -0.0520
2009070300 -0.1863 -0.0710
2009072200 -0.2122 -0.1920
2009100500 -0.1830  0.0540
2009100600 -0.1833 -0.0060
2009100700 -0.1820  0.0320
2009100800 -0.1960  0.0370
2009120800 -0.2784 -0.0250
2010012300 -0.1948 -0.0230
2010022100 -0.1799  0.0040
2010061800 -0.1700 -0.2430
2010061900 -0.1993 -0.0840
2010062000 -0.3305 -0.1840
2010062900 -0.2019 -0.0970
2010073100 -0.1806 -0.1300
2010091700 -0.2048 -0.0910
2010091900 -0.1699 -0.0380
2010100700 -0.1680 -0.0050
2010121700 -0.2909 -0.0700
2010121800 -0.3007 -0.0150
2010121900 -0.2133  0.0460
2011032000 -0.1730 -0.0460
2011052600 -0.2071 -0.1170
2011061200 -0.1993 -0.1500
2011061300 -0.1736 -0.0550
2011061700 -0.1621 -0.1310
2011062700 -0.1702 -0.1650
2011070900 -0.2142 -0.1670
2011071000 -0.2092 -0.1170
2011071200 -0.1615 -0.1890
2011071300 -0.2312 -0.1900
2011071400 -0.1821 -0.0610
2011080700 -0.1728 -0.0990
2011081500 -0.1916 -0.1020
2011100400 -0.1647  0.0250
2011100600 -0.1643  0.0430
2011101200 -0.1895  0.0570
2011122600 -0.1613 -0.0430
2012011500 -0.2890 -0.1370
2012011600 -0.3792 -0.0790
2012011700 -0.3608 -0.0250
2012011800 -0.1700  0.0560
2012040700 -0.1700 -0.1160
2012042700 -0.1661 -0.1080
2012042900 -0.1956 -0.1510
2012043000 -0.1951 -0.1370
2012050100 -0.2461 -0.2070
2012060700 -0.2787 -0.1860
2012060800 -0.3701 -0.1820
2012060900 -0.4031 -0.1710
2012061000 -0.3523 -0.1330
2012061100 -0.3058 -0.1250
2012061200 -0.2513 -0.1090
2012061300 -0.1956 -0.0910
2012061600 -0.1816 -0.2070
2012070900 -0.1812 -0.2240
2012071000 -0.1652 -0.0440
2012080500 -0.1884 -0.2220
2012080700 -0.3048 -0.1650
2012080800 -0.3135 -0.2110
2012080900 -0.3335 -0.1680
2012082500 -0.1757 -0.0940
2012121200 -0.1654 -0.0060
2012121300 -0.1925 -0.0380
2012121400 -0.2649 -0.0450
2013022000 -0.1746 -0.0040
2013062600 -0.1869 -0.1620
2013062700 -0.2012 -0.1360
2013062800 -0.2435 -0.1550
2013062900 -0.1839 -0.1050
2013063000 -0.2146 -0.1730
2013070100 -0.2796 -0.3490
2013070200 -0.2385 -0.0700
2013070300 -0.2093 -0.1390
2013070500 -0.2114 -0.1290
2013071300 -0.1782 -0.1030
2013071400 -0.1621 -0.0210
2013110700 -0.1649 -0.0360
2013110800 -0.2975 -0.1150
2013110900 -0.2135  0.1290
2013111400 -0.1968  0.0350
2013120700 -0.2449 -0.0050
2013120800 -0.2224  0.0150
2013120900 -0.1718  0.0200
2013121800 -0.2967  0.0010
2013123100 -0.1888  0.0220
2014010100 -0.1674     nan
2014012900 -0.1770 -0.0230
2014013000 -0.1866 -0.0070
2014020800 -0.1750 -0.0610
2014021200 -0.1821  0.0440
2014030800 -0.2516 -0.2140
2014030900 -0.1903  0.0570
2014031000 -0.1713  0.0010
2014032300 -0.2138 -0.0310
2014032400 -0.2240 -0.0540
2014032900 -0.1738 -0.1410
2014041800 -0.1816 -0.1080
2014062000 -0.1735 -0.0760
2014062300 -0.2207 -0.1670
2014062400 -0.1940 -0.0940
2014062800 -0.2515 -0.2280
2014062900 -0.4639 -0.2750
2014063000 -0.2276  0.0570
2014070100 -0.1636 -0.2930
2014111000 -0.1719  0.0150
2014121400 -0.1719  0.0010
2014122800 -0.1733 -0.0370
2014122900 -0.1746  0.0060
2015010400 -0.1631 -0.0610
2015021700 -0.2188 -0.0790
2015021800 -0.2443 -0.0110
2015042400 -0.2391 -0.1990
2015042500 -0.2396 -0.0470
2015052400 -0.1617 -0.1220
2015052500 -0.1810 -0.0580
2015071800 -0.2264 -0.1440
2015071900 -0.1779 -0.1610
2015081100 -0.1692 -0.1830
2015082400 -0.1756 -0.0710
2015082800 -0.1975 -0.0780
2015100300 -0.1899 -0.0550
2015100400 -0.2547  0.0850
2015111300 -0.2149 -0.0060
2015112100 -0.1951 -0.0340
2015112200 -0.1667  0.0810
2016021100 -0.2184 -0.0760
2016021800 -0.2033 -0.0110
2016033000 -0.1808 -0.1630
2016050100 -0.1701 -0.2420
2016050200 -0.1890 -0.0690
2016051200 -0.2206 -0.1020
2016051900 -0.1684 -0.1090
2016071200 -0.1915 -0.1710
2016071300 -0.2382 -0.1440
2016073000 -0.1709 -0.2020
2016080100 -0.1627 -0.1630
2016080300 -0.2219 -0.1880
2016081200 -0.1768 -0.0710
2016081600 -0.2055 -0.1360
2016082700 -0.2893 -0.1730
2016083100 -0.2116 -0.0810
2016100100 -0.1748  0.0940
2016100200 -0.2095  0.0040
2016100300 -0.2569 -0.0160
2016100400 -0.2847  0.0000
2016100500 -0.2190  0.0580
2016100700 -0.1680 -0.0240
2016100800 -0.1810  0.0420
2016100900 -0.2639 -0.0190
2016101000 -0.2011  0.0390
2016101100 -0.2330  0.0210
2016101200 -0.1635  0.0690
2016101300 -0.1771  0.0390
2016101400 -0.1721  0.0440
2016103000 -0.1912 -0.0630
2016103100 -0.2526  0.0320
2016110100 -0.2174  0.0920
2016111700 -0.2753 -0.1470
2016111800 -0.3607 -0.0720
2016111900 -0.3629  0.0260
2016120500 -0.1905  0.0640
2016122300 -0.4132 -0.1740
2016122400 -0.1635  0.1030
2017010700 -0.2650  0.0090
2017010800 -0.2075  0.0270
2017011400 -0.3079 -0.0140
2017012800 -0.2277 -0.0470
2017012900 -0.2230 -0.0310
2017031800 -0.1830 -0.0640
2017062900 -0.1699 -0.1140
2017071300 -0.2592 -0.1990
2017071400 -0.2461 -0.1450
2017081200 -0.1628 -0.1250
2017100500 -0.1900  0.0070
2017110200 -0.1823  0.0370
2017110300 -0.1805  0.0910
2017121500 -0.1683 -0.0170
2017121600 -0.2233  0.0140
2017122800 -0.1803 -0.0420
