date lat lon slpmin amplitude radius ptendency
24         -999.00 -999.00 -999.00 -999.00 -999.00 -999.00
2008082212   63.82  325.62  996.13    5.90 -999.00 -999.00
2008082218   61.88  328.24  991.19   13.90  252.79   -4.93
2008082300   63.03  332.35  986.81   15.15  246.40   -4.38
2008082306   64.03  336.80  983.61   11.83  246.38   -3.20
2008082312   64.03  336.80  981.03   13.59    0.00   -2.58
2008082318   67.02  339.78  978.81   13.47  358.81   -2.23
2008082400   65.06  329.93  977.43   10.85  493.49   -1.38
2008082406   63.82  325.62  973.60   12.36  247.91   -3.82
2008082412   59.88  330.52  973.86   19.79  506.50    0.26
2008082418   61.88  338.63  970.84   13.57  490.43   -3.02
2008082500   62.64  343.07  969.69   20.27  244.24   -1.16
2008082506   62.64  343.07  969.80   19.40    0.00    0.12
2008082512   64.85  341.57  972.38   22.18  255.99    2.58
2008082518   64.85  341.57  974.82   18.05    0.00    2.43
2008082600   66.13  334.65  977.10   18.66  348.49    2.29
2008082606   66.13  334.65  980.82   17.89    0.00    3.72
2008082612   67.02  339.78  985.59   21.14  246.78    4.76
2008082618   66.13  334.65  990.52   13.92  246.78    4.94
2008082700   64.03  336.80  997.61    8.94  253.70    7.09
2008082706   64.85  341.57 1000.98    6.93  245.72    3.37
2008082712   63.03  332.35 1003.29    7.61  492.09    2.31
2008082718   63.03  332.35 1002.80    9.76    0.00   -0.49
2008082800   63.03  332.35 1003.76   11.84    0.00    0.96
2008082806   63.03  332.35 1003.02   14.20    0.00   -0.74
24         -999.00 -999.00 -999.00 -999.00 -999.00 -999.00
2016082506   52.54  139.97  991.33   15.29 -999.00 -999.00
2016082512   52.54  139.97  989.64   18.70    0.00   -1.69
2016082518   54.02  142.76  987.15   13.60  247.38   -2.49
2016082600   57.32  143.53  982.93   19.73  369.28   -4.21
2016082606   60.59  144.46  978.01   24.51  366.67   -4.92
2016082612   65.06  149.93  975.58   23.51  567.67   -2.43
2016082618   67.02  147.10  971.17   30.65  252.04   -4.40
2016082700   71.26  154.98  970.31   23.24  563.14   -0.86
2016082706   74.25  158.96  972.83   21.57  356.45    2.52
2016082712   76.35  155.56  974.82   23.41  251.79    1.99
2016082718   81.41  156.80  975.36   18.14  562.00    0.54
2016082800   83.42  149.04  972.20   16.60  249.81   -3.17
2016082806   85.22  135.00  973.93   16.53  250.88    1.73
2016082812   85.22   45.00  975.55    9.97  749.57    1.63
2016082818   83.42   30.96  975.82   11.74  250.89    0.27
2016082900   83.42   30.96  975.91    9.85    0.00    0.08
2016082906   81.41   23.20  976.82    9.88  249.80    0.91
2016082912   80.29   35.54  979.46    9.23  249.99    2.64
2016082918   78.82   45.00  981.11    9.10  250.10    1.65
2016083000   77.12   52.12  981.79   17.46  250.03    0.67
2016083006   77.12   52.12  983.48   16.82    0.00    1.70
2016083012   78.38   60.95  983.33   15.93  250.11   -0.15
2016083018   81.41   66.80  985.81   14.65  354.52    2.48
2016083100   81.41   66.80  989.28   14.86    0.00    3.47
39         -999.00 -999.00 -999.00 -999.00 -999.00 -999.00
2015053106   58.66  349.51  992.84   16.96 -999.00 -999.00
2015053112   60.41  344.36  993.02   17.28  348.60    0.18
2015053118   60.41  344.36  990.90   17.41    0.00   -2.11
2015060100   60.41  344.36  988.56   20.06    0.00   -2.34
2015060106   60.41  344.36  986.80   18.52    0.00   -1.76
2015060112   55.87  346.43  986.42   14.20  518.02   -0.38
2015060118   56.67  354.09  984.55   25.80  479.92   -1.87
2015060200   56.67  354.09  982.57   22.30    0.00   -1.98
2015060206   59.18  357.88  980.89   23.77  356.83   -1.68
2015060212   59.18  357.88  982.78   19.37    0.00    1.89
2015060218   61.51    2.29  985.92   13.64  354.02    3.14
2015060300   63.62    7.43  987.16   12.16  351.72    1.24
2015060306   64.85   18.43  987.39    9.44  546.99    0.23
2015060312   66.13   25.35  987.43    9.00  348.49    0.04
2015060318   67.02   32.91  987.02   14.91  347.52   -0.40
2015060400   70.71   40.24  985.59   12.25  502.86   -1.43
2015060406   72.40   45.00  984.79   13.95  251.01   -0.81
2015060412   75.62   45.00  985.04   11.93  357.26    0.26
2015060418   77.12   52.12  984.40   12.17  249.41   -0.64
2015060500   79.29   71.57  984.87   14.17  499.15    0.46
2015060506   82.02   81.87  983.62   18.77  354.07   -1.24
2015060512   82.02   81.87  982.80   17.32    0.00   -0.82
2015060518   84.25  101.31  981.45   18.85  354.02   -1.35
2015060600   84.25  101.31  978.90   17.07    0.00   -2.55
2015060606   86.44  108.43  974.80   25.83  250.83   -4.10
2015060612   86.44  161.57  972.41   25.52  353.17   -2.39
2015060618   86.44  161.57  970.81   24.40    0.00   -1.60
2015060700   86.44  161.57  971.10   23.16    0.00    0.29
2015060706   86.44  161.57  972.42   19.02    0.00    1.32
2015060712   86.44  161.57  972.83   19.20    0.00    0.41
2015060718   86.44  161.57  973.68   17.90    0.00    0.85
2015060800   86.44  161.57  973.69   19.70    0.00    0.01
2015060806   86.44  161.57  974.68   19.43    0.00    0.99
2015060812   86.44  161.57  976.15   17.81    0.00    1.47
2015060818   86.44  161.57  978.77   13.60    0.00    2.62
2015060900   86.44  161.57  981.55   14.53    0.00    2.78
2015060906   84.25  168.69  985.22   12.02  250.83    3.67
2015060912   83.42  149.04  987.59   13.13  250.05    2.37
2015060918   83.42  149.04  989.62   11.97    0.00    2.03
49         -999.00 -999.00 -999.00 -999.00 -999.00 -999.00
2014082318   21.02  287.18 1007.69    6.60 -999.00 -999.00
2014082400   21.02  287.18 1005.92    7.25    0.00   -1.78
2014082406   21.78  285.26 1006.78    5.87  215.52    0.86
2014082412   24.39  285.80 1004.79    8.21  294.77   -1.98
2014082418   24.39  285.80 1004.32   10.12    0.00   -0.47
2014082500   24.39  285.80 1000.70   13.94    0.00   -3.62
2014082506   24.39  285.80 1000.49   12.40    0.00   -0.21
2014082512   24.39  285.80 1000.19   14.96    0.00   -0.30
2014082518   24.39  285.80 1001.56   12.26    0.00    1.37
2014082600   24.39  285.80  997.97   20.17    0.00   -3.59
2014082606   26.15  288.43 1000.30   17.64  328.24    2.33
2014082612   26.95  286.39 1001.21   18.40  221.07    0.91
2014082618   28.65  289.13 1000.03   23.66  328.44   -1.18
2014082700   29.46  287.02  999.86   27.89  223.51   -0.17
2014082706   29.46  287.02 1001.22   27.77    0.00    1.35
2014082712   31.94  287.70 1005.01   18.76  282.69    3.79
2014082718   31.94  287.70 1003.68   22.89    0.00   -1.32
2014082800   34.38  288.43 1005.73   14.39  279.08    2.05
2014082806   35.89  291.57 1005.18   14.11  330.49   -0.55
2014082812   38.23  292.52 1005.17    7.30  272.90   -0.01
2014082818   39.48  295.97 1001.71   11.49  328.73   -3.46
2014082900   42.66  300.96  999.04    7.21  546.35   -2.67
2014082906   43.39  304.88  993.97   13.51  328.07   -5.07
2014082912   43.88  308.88  990.87   21.07  325.73   -3.10
2014082918   45.88  315.00  987.93   24.51  529.65   -2.94
2014083000   47.56  317.20  987.14   37.89  250.46   -0.79
2014083006   50.68  322.12  985.34   28.31  497.25   -1.81
2014083012   52.10  324.87  982.68   34.31  247.09   -2.65
2014083018   56.67  329.04  981.64   22.83  573.92   -1.04
2014083100   59.88  330.52  973.95   44.59  366.44   -7.69
2014083106   61.88  328.24  974.35   38.84  253.73    0.40
2014083112   63.03  332.35  971.62   40.73  246.40   -2.73
2014083118   63.03  332.35  978.26   27.57    0.00    6.64
2014090100   64.03  336.80  980.15   18.03  246.38    1.89
2014090106   64.85  341.57  983.95   21.24  245.72    3.79
2014090112   67.02  339.78  985.95   20.99  253.99    2.00
2014090118   67.71  345.26  986.28   26.77  246.11    0.33
2014090200   67.71  345.26  988.47   22.96    0.00    2.19
2014090206   69.92  343.61  990.79   16.61  253.94    2.32
2014090212   69.92  343.61  992.89   14.97    0.00    2.10
2014090218   70.45  349.99  994.74   10.98  246.91    1.86
2014090300   70.45  349.99  996.69   11.53    0.00    1.94
2014090306   70.45  349.99  996.83   10.86    0.00    0.15
2014090312   70.45  349.99  996.82   16.10    0.00   -0.01
2014090318   72.99  356.19  996.28   16.77  354.55   -0.54
2014090400   72.99  356.19  997.38   18.35    0.00    1.10
2014090406   72.99    3.81  999.56   14.34  247.16    2.18
2014090412   74.92   12.99 1002.23   10.23  353.08    2.67
2014090418   74.25   21.04 1003.39    9.52  248.55    1.16
33         -999.00 -999.00 -999.00 -999.00 -999.00 -999.00
2016081100   67.02   20.22 1005.76    7.43 -999.00 -999.00
2016081106   67.02   20.22 1005.26    9.90    0.00   -0.50
2016081112   67.02   20.22 1004.75    9.21    0.00   -0.51
2016081118   67.02   20.22 1005.34    7.74    0.00    0.58
2016081200   66.13   25.35 1004.96    6.79  246.79   -0.38
2016081206   66.13   25.35 1004.45    8.96    0.00   -0.50
2016081212   68.19   27.90 1002.69    9.98  253.53   -1.76
2016081218   68.19   27.90 1001.59   12.42    0.00   -1.11
2016081300   72.40   45.00  998.68   13.18  787.55   -2.91
2016081306   73.93   50.71  998.16    9.58  249.78   -0.52
2016081312   75.26   57.53  995.34   16.67  249.13   -2.82
2016081318   76.35   65.56  993.60   11.42  249.43   -1.74
2016081400   77.53   84.81  989.10   18.85  497.52   -4.50
2016081406   79.78   96.34  984.45   25.33  353.30   -4.64
2016081412   79.29  108.43  984.19   23.61  249.14   -0.26
2016081418   80.29  125.54  978.66   27.84  352.79   -5.54
2016081500   81.41  156.80  977.10   22.30  557.88   -1.56
2016081506   82.02  171.87  974.74   30.68  249.46   -2.36
2016081512   82.02  171.87  975.37   30.16    0.00    0.64
2016081518   84.25  191.31  972.60   26.26  354.02   -2.77
2016081600   84.25  191.31  972.79   24.20    0.00    0.18
2016081606   86.44  198.43  973.52   20.61  250.83    0.74
2016081612   86.44  161.57  973.84   25.95  249.61    0.32
2016081618   86.44  161.57  974.57   21.88    0.00    0.73
2016081700   85.22  135.00  975.65   27.46  249.99    1.08
2016081706   83.42  149.04  978.91   17.66  250.89    3.26
2016081712   83.42  149.04  981.69   15.55    0.00    2.79
2016081718   83.42  149.04  984.91   11.62    0.00    3.22
2016081800   81.41  156.80  986.67   11.48  249.80    1.75
2016081806   82.02  171.87  987.21   13.65  249.46    0.55
2016081812   82.02  171.87  988.31   13.69    0.00    1.10
2016081818   82.02  188.13  988.21   13.34  249.63   -0.10
2016081900   82.02  188.13  986.25   14.08    0.00   -1.96
33         -999.00 -999.00 -999.00 -999.00 -999.00 -999.00
2016081906   77.12  232.12  986.71   22.81 -999.00 -999.00
2016081912   80.29  234.46  982.54   20.24  355.30   -4.17
2016081918   79.29  251.57  979.77   27.02  352.78   -2.76
2016082000   81.41  246.80  979.86   21.42  251.20    0.09
2016082006   82.02  261.87  980.63   24.43  249.46    0.77
2016082012   84.25  258.69  982.70   19.12  250.90    2.07
2016082018   84.25  258.69  982.94   21.02    0.00    0.24
2016082100   85.22  225.00  984.74   22.15  353.46    1.80
2016082106   85.22  225.00  986.97   19.23    0.00    2.23
2016082112   85.22  225.00  988.55   16.61    0.00    1.58
2016082118   86.44  198.43  988.97    6.37  249.99    0.42
2016082200   84.25  101.31  986.31    8.93  790.54   -2.65
2016082206   79.78   83.66  981.43   12.61  560.06   -4.89
2016082212   79.78   96.34  977.30   18.11  249.13   -4.13
2016082218   81.41  113.20  974.22   16.11  353.28   -3.08
2016082300   82.02  135.00  972.87   19.02  352.80   -1.35
2016082306   82.02  135.00  974.54   15.88    0.00    1.67
2016082312   85.22  135.00  978.41   12.49  355.04    3.87
2016082318   85.22  135.00  979.05   16.15    0.00    0.64
2016082400   85.22  135.00  979.93   17.15    0.00    0.88
2016082406   84.25  101.31  982.00   17.77  353.46    2.07
2016082412   84.25  101.31  985.33   16.48    0.00    3.33
2016082418   84.25   78.69  988.05   19.20  249.82    2.72
2016082500   82.02   81.87  991.88   13.46  250.90    3.84
2016082506   81.41   66.80  993.68   13.08  249.46    1.80
2016082512   81.41   66.80  995.22   12.73    0.00    1.54
2016082518   80.29   54.46  997.40    4.87  249.99    2.19
2016082600   77.12   52.12  996.26    9.44  355.30   -1.14
2016082606   77.12   52.12  995.21   10.93    0.00   -1.05
2016082612   77.12   52.12  994.95   14.19    0.00   -0.26
2016082618   78.38   60.95  995.56    7.48  250.11    0.61
2016082700   77.12   52.12  993.57   12.77  250.11   -1.99
2016082706   77.12   52.12  991.78   11.58    0.00   -1.79
40         -999.00 -999.00 -999.00 -999.00 -999.00 -999.00
2012080218   60.95  101.31  998.08    4.98 -999.00 -999.00
2012080300   62.64  106.93  997.63    7.81  349.12   -0.46
2012080306   64.85  108.43  997.00    5.51  256.00   -0.63
2012080312   64.03  113.20  996.66    6.49  245.72   -0.34
2012080318   65.06  120.07  995.35   10.05  346.74   -1.31
2012080400   67.48  130.91  994.82   12.76  552.43   -0.54
2012080406   67.48  130.91  991.42   19.80    0.00   -3.40
2012080412   70.18  149.04  989.42   13.67  782.03   -2.00
2012080418   70.18  149.04  988.31   17.18    0.00   -1.11
2012080500   69.92  163.61  987.68   15.61  550.99   -0.63
2012080506   72.69  168.69  986.84   18.33  356.23   -0.84
2012080512   72.99  176.19  987.75   15.03  247.57    0.91
2012080518   75.26  184.40  980.46   23.65  353.71   -7.28
2012080600   77.12  195.26  974.82   26.78  353.14   -5.64
2012080606   79.29  198.43  976.04   22.35  251.17    1.22
2012080612   81.41  203.20  978.07   19.28  251.20    2.03
2012080618   82.02  188.13  977.38   20.19  249.46   -0.69
2012080700   84.25  191.31  976.78   17.09  250.90   -0.60
2012080706   82.02  188.13  976.70   19.91  250.90   -0.08
2012080712   82.02  188.13  976.77   18.53    0.00    0.07
2012080718   82.02  188.13  975.18   17.12    0.00   -1.60
2012080800   81.41  203.20  974.76   16.76  249.46   -0.42
2012080806   81.41  203.20  974.40   16.37    0.00   -0.35
2012080812   81.41  203.20  976.86   13.21    0.00    2.45
2012080818   82.02  225.00  979.43   15.56  352.80    2.57
2012080900   82.02  225.00  981.33   16.60    0.00    1.90
2012080906   83.42  210.96  983.10   10.79  250.09    1.78
2012080912   82.02  225.00  985.08   13.01  250.08    1.98
2012080918   82.02  225.00  985.37   11.79    0.00    0.29
2012081000   82.02  225.00  986.37   12.23    0.00    1.00
2012081006   81.41  246.80  987.54   11.31  352.80    1.17
2012081012   81.41  246.80  988.44   10.34    0.00    0.90
2012081018   82.02  261.87  989.36   11.96  249.46    0.91
2012081100   83.42  239.04  991.85    8.58  353.39    2.50
2012081106   81.41  246.80  993.53    8.08  249.80    1.67
2012081112   81.41  246.80  995.83    8.70    0.00    2.30
2012081118   81.41  246.80  997.47    6.77    0.00    1.64
2012081200   79.29  251.57  999.86    6.31  251.19    2.38
2012081206   77.12  254.74 1000.72   11.69  251.18    0.86
2012081212   77.53  264.81 1001.38    8.39  249.01    0.66
102        -999.00 -999.00 -999.00 -999.00 -999.00 -999.00
2010072200   63.23   12.26 1002.36    9.10 -999.00 -999.00
2010072206   63.23   12.26  999.74   12.46    0.00   -2.62
2010072212   67.02   20.22  997.01   19.16  560.26   -2.74
2010072218   67.02   20.22  995.75   19.30    0.00   -1.26
2010072300   70.18   30.96  992.44   21.28  557.22   -3.31
2010072306   72.11   34.70  988.94   24.54  252.56   -3.50
2010072312   72.40   45.00  983.64   37.10  349.35   -5.31
2010072318   72.40   45.00  978.26   52.78    0.00   -5.38
2010072400   73.93   50.71  975.54   33.88  249.78   -2.72
2010072406   72.11   55.30  976.00   47.09  250.64    0.46
2010072412   73.30   61.70  978.70   29.28  248.80    2.70
2010072418   72.11   71.57  981.25   26.32  350.79    2.55
2010072500   72.69   78.69  984.01   17.01  247.20    2.76
2010072506   74.92  103.00  985.15    8.88  785.32    1.15
2010072512   77.12  105.25  985.19   10.17  251.38    0.03
2010072518   78.38  119.06  983.83    9.07  352.80   -1.36
2010072600   80.29  125.54  983.96   15.37  249.91    0.13
2010072606   80.29  125.54  984.14   14.00    0.00    0.19
2010072612   80.29  125.54  984.73   11.19    0.00    0.59
2010072618   82.02  135.00  984.00   12.94  250.17   -0.74
2010072700   83.42  149.04  983.57   14.10  250.09   -0.43
2010072706   83.42  149.04  984.25   12.07    0.00    0.68
2010072712   83.42  149.04  984.35   11.63    0.00    0.10
2010072718   85.22  135.00  985.77   11.04  250.88    1.42
2010072800   85.22  135.00  986.82   11.02    0.00    1.05
2010072806   86.44  161.57  987.42   10.36  249.99    0.60
2010072812   86.44  161.57  987.47    9.52    0.00    0.05
2010072818   86.44  108.43  986.70   10.09  353.17   -0.77
2010072900   84.25  101.31  987.46    9.44  250.83    0.76
2010072906   84.25  101.31  987.14    8.60    0.00   -0.32
2010072912   84.25  101.31  987.81    8.81    0.00    0.67
2010072918   84.25  101.31  989.43    6.69    0.00    1.63
2010073000   83.42  120.96  990.02    5.74  250.05    0.58
2010073006   81.41  113.20  991.29    7.39  249.80    1.27
2010073012   81.41  113.20  991.68    7.19    0.00    0.39
2010073018   81.41  113.20  993.22    6.67    0.00    1.54
2010073100   81.41  113.20  993.71    6.70    0.00    0.49
2010073106   82.02  135.00  993.86    6.17  352.80    0.15
2010073112   82.02  135.00  994.13    7.05    0.00    0.27
2010073118   83.42  149.04  993.60    7.18  250.09   -0.54
2010080100   83.42  149.04  993.31    7.02    0.00   -0.29
2010080106   84.25  168.69  993.15    9.08  250.04   -0.16
2010080112   84.25  168.69  993.07    8.88    0.00   -0.08
2010080118   84.25  168.69  992.44    8.02    0.00   -0.63
2010080200   84.25  191.31  992.87    6.74  249.82    0.43
2010080206   85.22  225.00  991.66    7.95  353.46   -1.21
2010080212   85.22  225.00  990.39    8.65    0.00   -1.27
2010080218   88.41  225.00  989.37    4.15  353.93   -1.02
2010080300   88.41  135.00  989.64    6.87  249.47    0.27
2010080306   88.41  135.00  990.57    6.23    0.00    0.93
2010080312   88.41  225.00  992.97    2.43  249.47    2.40
2010072200   63.23   12.26 1002.36    9.10 -999.00 -999.00
2010072206   63.23   12.26  999.74   12.46    0.00   -2.62
2010072212   67.02   20.22  997.01   19.16  560.26   -2.74
2010072218   67.02   20.22  995.75   19.30    0.00   -1.26
2010072300   70.18   30.96  992.44   21.28  557.22   -3.31
2010072306   72.11   34.70  988.94   24.54  252.56   -3.50
2010072312   72.40   45.00  983.64   37.10  349.35   -5.31
2010072318   72.40   45.00  978.26   52.78    0.00   -5.38
2010072400   73.93   50.71  975.54   33.88  249.78   -2.72
2010072406   72.11   55.30  976.00   47.09  250.64    0.46
2010072412   73.30   61.70  978.70   29.28  248.80    2.70
2010072418   72.11   71.57  981.25   26.32  350.79    2.55
2010072500   72.69   78.69  984.01   17.01  247.20    2.76
2010072506   74.92  103.00  985.15    8.88  785.32    1.15
2010072512   77.12  105.25  985.19   10.17  251.38    0.03
2010072518   78.38  119.06  983.83    9.07  352.80   -1.36
2010072600   80.29  125.54  983.96   15.37  249.91    0.13
2010072606   80.29  125.54  984.14   14.00    0.00    0.19
2010072612   80.29  125.54  984.73   11.19    0.00    0.59
2010072618   82.02  135.00  984.00   12.94  250.17   -0.74
2010072700   83.42  149.04  983.57   14.10  250.09   -0.43
2010072706   83.42  149.04  984.25   12.07    0.00    0.68
2010072712   83.42  149.04  984.35   11.63    0.00    0.10
2010072718   85.22  135.00  985.77   11.04  250.88    1.42
2010072800   85.22  135.00  986.82   11.02    0.00    1.05
2010072806   86.44  161.57  987.42   10.36  249.99    0.60
2010072812   86.44  161.57  987.47    9.52    0.00    0.05
2010072818   86.44  108.43  986.70   10.09  353.17   -0.77
2010072900   84.25  101.31  987.46    9.44  250.83    0.76
2010072906   84.25  101.31  987.14    8.60    0.00   -0.32
2010072912   84.25  101.31  987.81    8.81    0.00    0.67
2010072918   84.25  101.31  989.43    6.69    0.00    1.63
2010073000   83.42  120.96  990.02    5.74  250.05    0.58
2010073006   81.41  113.20  991.29    7.39  249.80    1.27
2010073012   81.41  113.20  991.68    7.19    0.00    0.39
2010073018   81.41  113.20  993.22    6.67    0.00    1.54
2010073100   81.41  113.20  993.71    6.70    0.00    0.49
2010073106   82.02  135.00  993.86    6.17  352.80    0.15
2010073112   82.02  135.00  994.13    7.05    0.00    0.27
2010073118   83.42  149.04  993.60    7.18  250.09   -0.54
2010080100   83.42  149.04  993.31    7.02    0.00   -0.29
2010080106   84.25  168.69  993.15    9.08  250.04   -0.16
2010080112   84.25  168.69  993.07    8.88    0.00   -0.08
2010080118   84.25  168.69  992.44    8.02    0.00   -0.63
2010080200   84.25  191.31  992.87    6.74  249.82    0.43
2010080206   85.22  225.00  991.66    7.95  353.46   -1.21
2010080212   85.22  225.00  990.39    8.65    0.00   -1.27
2010080218   88.41  225.00  989.37    4.15  353.93   -1.02
2010080300   88.41  135.00  989.64    6.87  249.47    0.27
2010080306   88.41  135.00  990.57    6.23    0.00    0.93
2010080312   88.41  225.00  992.97    2.43  249.47    2.40
21         -999.00 -999.00 -999.00 -999.00 -999.00 -999.00
2008081806   59.88  240.52  998.50    9.33 -999.00 -999.00
2008081812   59.88  240.52  996.61   10.00    0.00   -1.89
2008081818   61.88  238.24  993.38   13.64  253.72   -3.23
2008081900   63.03  242.35  992.26   14.00  246.40   -1.12
2008081906   64.85  251.57  989.84   20.58  492.09   -2.42
2008081912   63.23  257.73  990.08   12.73  348.80    0.24
2008081918   63.62  262.57  988.98   16.62  244.04   -1.10
2008082000   63.82  272.49  989.95   18.56  487.32    0.97
2008082006   65.91  278.13  984.98   25.25  352.50   -4.97
2008082012   67.71  284.74  981.25   31.00  350.84   -3.73
2008082018   69.92  286.39  976.40   34.74  253.94   -4.85
2008082100   72.11  288.43  978.07   29.46  253.85    1.67
2008082106   72.11  288.43  977.32   27.44    0.00   -0.75
2008082112   72.11  288.43  979.70   21.98    0.00    2.38
2008082118   72.11  288.43  982.05   17.93    0.00    2.36
2008082200   72.11  288.43  985.44   18.04    0.00    3.38
2008082206   71.26  295.02  988.76   14.68  248.20    3.32
2008082212   71.26  295.02  990.08   13.84    0.00    1.33
2008082218   70.18  300.96  991.92   17.31  248.27    1.83
2008082300   70.18  300.96  995.65   13.26    0.00    3.73
2008082306   68.92  306.25  996.64   17.61  248.06    0.98
70         -999.00 -999.00 -999.00 -999.00 -999.00 -999.00
2010081400   70.71  356.63 1012.71    8.36 -999.00 -999.00
2010081406   70.71    3.37 1010.38    7.77  246.91   -2.33
2010081412   69.92   16.39 1007.92   10.16  493.42   -2.46
2010081418   71.26   25.02 1002.75   12.53  350.81   -5.17
2010081500   72.11   34.70  997.34   22.95  349.99   -5.41
2010081506   73.93   39.29  991.18   19.32  250.64   -6.16
2010081512   75.62   45.00  987.81   25.72  250.48   -3.37
2010081518   77.12   52.12  983.92   27.77  249.41   -3.90
2010081600   77.12   52.12  979.57   31.05    0.00   -4.35
2010081606   77.12   52.12  977.72   28.55    0.00   -1.85
2010081612   73.93   50.71  980.06   24.24  356.06    2.35
2010081618   73.93   50.71  977.85   26.02    0.00   -2.22
2010081700   73.93   50.71  976.86   26.67    0.00   -0.99
2010081706   72.11   55.30  978.93   30.20  250.64    2.07
2010081712   72.11   55.30  984.03   24.02    0.00    5.11
2010081718   72.11   55.30  986.74   19.05    0.00    2.70
2010081800   70.18   59.04  987.03   21.77  252.56    0.29
2010081806   68.92   53.75  988.75   15.80  248.05    1.72
2010081812   68.92   53.75  990.19   14.71    0.00    1.44
2010081818   67.02   57.09  991.69   12.29  252.43    1.50
2010081900   66.13   64.65  992.01    5.73  347.51    0.32
2010081906   64.03   66.80  989.54   12.91  253.71   -2.47
2010081912   64.85   71.57  988.42   22.38  245.72   -1.13
2010081918   65.48   76.61  989.50   18.91  244.96    1.08
2010082000   67.71   75.26  990.32   11.52  254.45    0.82
2010082006   68.19   81.03  990.91   12.05  246.07    0.59
2010082012   72.99   93.81  991.05   12.05  708.22    0.14
2010082018   75.26   94.40  990.66   15.16  252.49   -0.39
2010082100   75.26   94.40  990.49   14.37    0.00   -0.16
2010082106   74.92  103.00  989.54   15.64  248.16   -0.95
2010082112   74.92  103.00  992.52   16.79    0.00    2.97
2010082118   77.12  105.25  993.18   11.49  251.38    0.67
2010082200   74.92  103.00  993.39   16.30  251.38    0.21
2010082206   77.12  105.25  994.44   11.00  251.38    1.05
2010082212   77.53   95.19  995.68    9.93  248.78    1.24
2010081400   70.71  356.63 1012.71    8.36 -999.00 -999.00
2010081406   70.71    3.37 1010.38    7.77  246.91   -2.33
2010081412   69.92   16.39 1007.92   10.16  493.42   -2.46
2010081418   71.26   25.02 1002.75   12.53  350.81   -5.17
2010081500   72.11   34.70  997.34   22.95  349.99   -5.41
2010081506   73.93   39.29  991.18   19.32  250.64   -6.16
2010081512   75.62   45.00  987.81   25.72  250.48   -3.37
2010081518   77.12   52.12  983.92   27.77  249.41   -3.90
2010081600   77.12   52.12  979.57   31.05    0.00   -4.35
2010081606   77.12   52.12  977.72   28.55    0.00   -1.85
2010081612   73.93   50.71  980.06   24.24  356.06    2.35
2010081618   73.93   50.71  977.85   26.02    0.00   -2.22
2010081700   73.93   50.71  976.86   26.67    0.00   -0.99
2010081706   72.11   55.30  978.93   30.20  250.64    2.07
2010081712   72.11   55.30  984.03   24.02    0.00    5.11
2010081718   72.11   55.30  986.74   19.05    0.00    2.70
2010081800   70.18   59.04  987.03   21.77  252.56    0.29
2010081806   68.92   53.75  988.75   15.80  248.05    1.72
2010081812   68.92   53.75  990.19   14.71    0.00    1.44
2010081818   67.02   57.09  991.69   12.29  252.43    1.50
2010081900   66.13   64.65  992.01    5.73  347.51    0.32
2010081906   64.03   66.80  989.54   12.91  253.71   -2.47
2010081912   64.85   71.57  988.42   22.38  245.72   -1.13
2010081918   65.48   76.61  989.50   18.91  244.96    1.08
2010082000   67.71   75.26  990.32   11.52  254.45    0.82
2010082006   68.19   81.03  990.91   12.05  246.07    0.59
2010082012   72.99   93.81  991.05   12.05  708.22    0.14
2010082018   75.26   94.40  990.66   15.16  252.49   -0.39
2010082100   75.26   94.40  990.49   14.37    0.00   -0.16
2010082106   74.92  103.00  989.54   15.64  248.16   -0.95
2010082112   74.92  103.00  992.52   16.79    0.00    2.97
2010082118   77.12  105.25  993.18   11.49  251.38    0.67
2010082200   74.92  103.00  993.39   16.30  251.38    0.21
2010082206   77.12  105.25  994.44   11.00  251.38    1.05
2010082212   77.53   95.19  995.68    9.93  248.78    1.24
23         -999.00 -999.00 -999.00 -999.00 -999.00 -999.00
2016061418   53.57  245.85  999.15    8.88 -999.00 -999.00
2016061500   53.57  245.85  998.64    8.93    0.00   -0.51
2016061506   55.71  244.29  997.70   13.33  257.67   -0.93
2016061512   56.67  247.83  993.44   20.51  243.08   -4.26
2016061518   57.82  242.53  991.08   30.16  342.67   -2.36
2016061600   57.82  242.53  991.14   31.72    0.00    0.06
2016061606   57.82  242.53  994.12   25.71    0.00    2.98
2016061612   57.82  242.53  997.06   23.09    0.00    2.94
2016061618   58.83  246.25  999.79    9.24  243.93    2.73
2016061700   58.83  246.25 1000.33   10.32    0.00    0.54
2016061706   60.41  254.36  998.00    4.79  487.26   -2.33
2016061712   60.95  258.69  991.36   16.22  242.70   -6.65
2016061718   63.23  257.73  984.99   23.15  257.83   -6.37
2016061800   63.62  262.57  979.79   32.05  244.04   -5.20
2016061806   65.91  261.87  977.52   28.04  256.22   -2.27
2016061812   66.13  267.27  977.20   24.48  244.64   -0.32
2016061818   66.13  267.27  976.90   23.24    0.00   -0.30
2016061900   66.13  267.27  978.72   24.51    0.00    1.81
2016061906   66.13  267.27  983.00   19.21    0.00    4.28
2016061912   63.82  267.51  985.38   21.88  256.54    2.38
2016061918   63.82  267.51  989.60   17.44    0.00    4.22
2016062000   61.51  267.71  995.34   11.92  256.50    5.74
2016062006   61.51  272.29  996.43    9.40  242.34    1.09
82         -999.00 -999.00 -999.00 -999.00 -999.00 -999.00
2010060300   72.11   18.43 1007.64    5.39 -999.00 -999.00
2010060306   67.02   20.22 1005.83    8.91  568.91   -1.81
2010060312   67.02   20.22 1004.50   11.46    0.00   -1.33
2010060318   66.13   25.35 1001.72   13.72  246.79   -2.78
2010060400   65.06   30.07 1000.20   16.02  246.72   -1.51
2010060406   67.02   32.91  997.48   16.02  252.27   -2.73
2010060412   67.02   32.91  997.80   15.86    0.00    0.33
2010060418   67.48   40.91  996.54   11.56  346.77   -1.27
2010060500   67.48   40.91  995.52    6.53    0.00   -1.02
2010060506   65.70   52.59  991.93    7.63  550.41   -3.59
2010060512   67.02   57.09  989.10   13.91  247.96   -2.82
2010060518   67.02   57.09  987.79    9.05    0.00   -1.32
2010060600   67.02   57.09  985.03   12.48    0.00   -2.75
2010060606   68.19   62.10  983.37   10.75  248.28   -1.67
2010060612   69.16   67.62  982.60   10.81  247.23   -0.76
2010060618   71.26   64.98  982.88   11.55  253.17    0.27
2010060700   72.11   71.57  981.00   17.65  248.20   -1.88
2010060706   72.11   71.57  979.27   19.04    0.00   -1.73
2010060712   72.11   55.30  979.35   21.74  552.83    0.09
2010060718   70.18   59.04  978.74   21.62  252.56   -0.61
2010060800   70.18   59.04  977.18   26.83    0.00   -1.56
2010060806   70.18   59.04  980.61   24.68    0.00    3.43
2010060812   69.16   67.62  985.06   20.02  349.21    4.45
2010060818   69.16   67.62  987.94   17.91    0.00    2.87
2010060900   69.92   73.61  989.53   17.66  247.01    1.59
2010060906   69.92   73.61  991.32   16.52    0.00    1.79
2010060912   69.92   73.61  993.57   15.53    0.00    2.25
2010060918   69.92   73.61  993.60   15.21    0.00    0.03
2010061000   72.11   71.57  994.01   14.58  253.85    0.41
2010061006   69.92   73.61  993.10   16.31  253.85   -0.91
2010061012   69.92   73.61  994.78   15.65    0.00    1.69
2010061018   69.92   73.61  995.47   13.27    0.00    0.69
2010061100   72.11   71.57  994.09   14.94  253.85   -1.38
2010061106   72.11   71.57  993.89   15.17    0.00   -0.20
2010061112   72.11   71.57  994.87   14.48    0.00    0.98
2010061118   72.11   71.57  995.21   12.60    0.00    0.34
2010061200   72.11   71.57  994.50   13.31    0.00   -0.71
2010061206   74.25   68.96  995.08    8.38  251.72    0.58
2010061212   74.25   68.96  995.60    7.57    0.00    0.51
2010061218   73.30   61.70  995.99    8.92  248.31    0.40
2010061300   73.30   61.70  995.45    8.47    0.00   -0.55
2010060300   72.11   18.43 1007.64    5.39 -999.00 -999.00
2010060306   67.02   20.22 1005.83    8.91  568.91   -1.81
2010060312   67.02   20.22 1004.50   11.46    0.00   -1.33
2010060318   66.13   25.35 1001.72   13.72  246.79   -2.78
2010060400   65.06   30.07 1000.20   16.02  246.72   -1.51
2010060406   67.02   32.91  997.48   16.02  252.27   -2.73
2010060412   67.02   32.91  997.80   15.86    0.00    0.33
2010060418   67.48   40.91  996.54   11.56  346.77   -1.27
2010060500   67.48   40.91  995.52    6.53    0.00   -1.02
2010060506   65.70   52.59  991.93    7.63  550.41   -3.59
2010060512   67.02   57.09  989.10   13.91  247.96   -2.82
2010060518   67.02   57.09  987.79    9.05    0.00   -1.32
2010060600   67.02   57.09  985.03   12.48    0.00   -2.75
2010060606   68.19   62.10  983.37   10.75  248.28   -1.67
2010060612   69.16   67.62  982.60   10.81  247.23   -0.76
2010060618   71.26   64.98  982.88   11.55  253.17    0.27
2010060700   72.11   71.57  981.00   17.65  248.20   -1.88
2010060706   72.11   71.57  979.27   19.04    0.00   -1.73
2010060712   72.11   55.30  979.35   21.74  552.83    0.09
2010060718   70.18   59.04  978.74   21.62  252.56   -0.61
2010060800   70.18   59.04  977.18   26.83    0.00   -1.56
2010060806   70.18   59.04  980.61   24.68    0.00    3.43
2010060812   69.16   67.62  985.06   20.02  349.21    4.45
2010060818   69.16   67.62  987.94   17.91    0.00    2.87
2010060900   69.92   73.61  989.53   17.66  247.01    1.59
2010060906   69.92   73.61  991.32   16.52    0.00    1.79
2010060912   69.92   73.61  993.57   15.53    0.00    2.25
2010060918   69.92   73.61  993.60   15.21    0.00    0.03
2010061000   72.11   71.57  994.01   14.58  253.85    0.41
2010061006   69.92   73.61  993.10   16.31  253.85   -0.91
2010061012   69.92   73.61  994.78   15.65    0.00    1.69
2010061018   69.92   73.61  995.47   13.27    0.00    0.69
2010061100   72.11   71.57  994.09   14.94  253.85   -1.38
2010061106   72.11   71.57  993.89   15.17    0.00   -0.20
2010061112   72.11   71.57  994.87   14.48    0.00    0.98
2010061118   72.11   71.57  995.21   12.60    0.00    0.34
2010061200   72.11   71.57  994.50   13.31    0.00   -0.71
2010061206   74.25   68.96  995.08    8.38  251.72    0.58
2010061212   74.25   68.96  995.60    7.57    0.00    0.51
2010061218   73.30   61.70  995.99    8.92  248.31    0.40
2010061300   73.30   61.70  995.45    8.47    0.00   -0.55
26         -999.00 -999.00 -999.00 -999.00 -999.00 -999.00
2016070300   67.71   14.74  998.41    9.10 -999.00 -999.00
2016070306   70.45   10.01  996.18    8.00  356.88   -2.23
2016070312   72.69   11.31  994.71   11.97  252.66   -1.47
2016070318   74.92   12.99  993.23   17.08  252.79   -1.47
2016070400   77.12   15.26  992.48   17.77  251.50   -0.76
2016070406   79.29   18.43  992.68   14.75  251.17    0.20
2016070412   82.02   45.00  990.91   17.20  558.70   -1.76
2016070418   84.25   78.69  985.84   19.88  500.14   -5.08
2016070500   84.25  101.31  983.78   19.84  249.82   -2.06
2016070506   82.02  135.00  979.98   25.23  500.13   -3.80
2016070512   82.02  135.00  977.86   23.83    0.00   -2.12
2016070518   81.41  156.80  977.20   22.32  352.80   -0.66
2016070600   83.42  149.04  979.21   18.54  249.81    2.01
2016070606   83.42  149.04  980.27   17.89    0.00    1.06
2016070612   83.42  149.04  982.25   18.06    0.00    1.98
2016070618   81.41  156.80  986.30   12.36  249.80    4.05
2016070700   80.29  144.46  987.28   17.24  249.99    0.98
2016070706   80.29  144.46  989.92   13.75    0.00    2.64
2016070712   78.38  150.95  990.56   10.50  250.01    0.64
2016070718   77.12  142.12  990.59   18.69  250.11    0.03
2016070800   77.12  142.12  991.94   15.86    0.00    1.36
2016070806   77.12  142.12  993.70   13.20    0.00    1.76
2016070812   77.12  142.12  994.40   14.16    0.00    0.70
2016070818   77.12  142.12  994.80   13.69    0.00    0.40
2016070900   75.62  135.00  995.55   10.86  249.42    0.75
2016070906   75.62  135.00  996.16   10.90    0.00    0.61
34         -999.00 -999.00 -999.00 -999.00 -999.00 -999.00
2015080712   37.55  286.82 1008.07   11.16 -999.00 -999.00
2015080718   33.84  280.84 1008.03    7.88  677.81   -0.04
2015080800   33.31  283.17 1007.16    8.21  223.26   -0.87
2015080806   33.31  283.17 1007.17    8.59    0.00    0.01
2015080812   35.13  286.11 1007.42   11.17  336.91    0.24
2015080818   35.13  286.11 1007.38   15.05    0.00   -0.03
2015080900   34.38  288.43 1007.47   13.36  227.25    0.09
2015080906   36.78  289.23 1007.78   12.82  275.88    0.30
2015080912   38.23  292.52 1008.87   10.83  331.23    1.09
2015080918   40.52  293.55 1009.02   13.71  268.99    0.15
2015081000   39.48  295.97 1008.50   14.17  235.81   -0.51
2015081006   43.88  298.50 1007.82   14.59  531.22   -0.68
2015081012   46.01  299.93 1007.63   13.39  261.64   -0.19
2015081018   48.09  301.50 1006.94   10.71  259.49   -0.68
2015081100   50.68  307.88 1004.50   14.59  542.77   -2.44
2015081106   52.54  310.03 1000.32   19.71  254.00   -4.18
2015081112   54.32  312.40  996.47   18.74  252.05   -3.86
2015081118   55.87  320.44  993.25   19.59  538.26   -3.22
2015081200   57.32  323.53  991.00   25.24  247.96   -2.25
2015081206   60.59  324.46  988.68   18.89  366.67   -2.32
2015081212   61.88  328.24  982.10   34.24  247.36   -6.58
2015081218   61.88  328.24  977.45   42.97    0.00   -4.65
2015081300   61.88  328.24  977.77   41.68    0.00    0.33
2015081306   59.88  330.52  981.37   44.53  253.72    3.60
2015081312   60.95  334.44  982.67   34.86  245.30    1.30
2015081318   61.88  338.63  983.52   34.82  245.15    0.85
2015081400   61.88  338.63  986.03   33.88    0.00    2.51
2015081406   61.88  338.63  989.41   25.21    0.00    3.38
2015081412   61.88  338.63  992.71   22.08    0.00    3.30
2015081418   64.03  336.80  993.49   20.17  255.76    0.78
2015081500   64.03  336.80  996.25   17.35    0.00    2.76
2015081506   64.03  336.80  997.42   13.69    0.00    1.18
2015081512   61.88  338.63 1000.15    8.77  255.75    2.73
2015081518   61.88  338.63 1000.32    9.54    0.00    0.17
56         -999.00 -999.00 -999.00 -999.00 -999.00 -999.00
2010082300   53.57   77.28  994.89    9.72 -999.00 -999.00
2010082306   54.02   80.84  993.60   14.38  238.55   -1.29
2010082312   56.67   84.09  992.83   16.92  358.36   -0.77
2010082318   61.51   87.71  994.26    8.63  575.05    1.42
2010082400   63.82   92.49  991.35   11.33  353.35   -2.91
2010082406   68.19   98.97  988.77   14.64  565.52   -2.58
2010082412   69.92  106.39  988.04   17.53  351.00   -0.74
2010082418   72.11  108.43  987.72   17.64  253.85   -0.32
2010082500   74.25  111.04  985.92   15.05  251.72   -1.80
2010082506   75.26  122.47  983.55   23.32  351.12   -2.37
2010082512   75.26  122.47  980.59   26.50    0.00   -2.96
2010082518   77.12  127.88  978.14   29.63  251.02   -2.44
2010082600   77.12  127.88  977.96   30.39    0.00   -0.18
2010082606   77.12  127.88  977.76   31.31    0.00   -0.20
2010082612   78.82  135.00  979.23   19.17  250.03    1.47
2010082618   78.82  135.00  981.13   17.37    0.00    1.90
2010082700   78.82  135.00  984.02   13.07    0.00    2.89
2010082706   80.29  144.46  985.32   16.30  250.11    1.30
2010082712   80.29  144.46  986.62   17.31    0.00    1.30
2010082718   82.02  135.00  988.39   12.37  250.17    1.76
2010082800   82.02  135.00  988.44   12.09    0.00    0.05
2010082806   82.02  135.00  990.32   10.87    0.00    1.88
2010082812   85.22  135.00  990.21   10.57  355.04   -0.11
2010082818   85.22  135.00  990.18   10.36    0.00   -0.04
2010082900   84.25  101.31  990.96   10.27  353.46    0.79
2010082906   84.25  101.31  991.05    9.90    0.00    0.08
2010082912   84.25  101.31  992.57    8.37    0.00    1.53
2010082918   84.25   78.69  991.94    9.51  249.82   -0.63
2010082300   53.57   77.28  994.89    9.72 -999.00 -999.00
2010082306   54.02   80.84  993.60   14.38  238.55   -1.29
2010082312   56.67   84.09  992.83   16.92  358.36   -0.77
2010082318   61.51   87.71  994.26    8.63  575.05    1.42
2010082400   63.82   92.49  991.35   11.33  353.35   -2.91
2010082406   68.19   98.97  988.77   14.64  565.52   -2.58
2010082412   69.92  106.39  988.04   17.53  351.00   -0.74
2010082418   72.11  108.43  987.72   17.64  253.85   -0.32
2010082500   74.25  111.04  985.92   15.05  251.72   -1.80
2010082506   75.26  122.47  983.55   23.32  351.12   -2.37
2010082512   75.26  122.47  980.59   26.50    0.00   -2.96
2010082518   77.12  127.88  978.14   29.63  251.02   -2.44
2010082600   77.12  127.88  977.96   30.39    0.00   -0.18
2010082606   77.12  127.88  977.76   31.31    0.00   -0.20
2010082612   78.82  135.00  979.23   19.17  250.03    1.47
2010082618   78.82  135.00  981.13   17.37    0.00    1.90
2010082700   78.82  135.00  984.02   13.07    0.00    2.89
2010082706   80.29  144.46  985.32   16.30  250.11    1.30
2010082712   80.29  144.46  986.62   17.31    0.00    1.30
2010082718   82.02  135.00  988.39   12.37  250.17    1.76
2010082800   82.02  135.00  988.44   12.09    0.00    0.05
2010082806   82.02  135.00  990.32   10.87    0.00    1.88
2010082812   85.22  135.00  990.21   10.57  355.04   -0.11
2010082818   85.22  135.00  990.18   10.36    0.00   -0.04
2010082900   84.25  101.31  990.96   10.27  353.46    0.79
2010082906   84.25  101.31  991.05    9.90    0.00    0.08
2010082912   84.25  101.31  992.57    8.37    0.00    1.53
2010082918   84.25   78.69  991.94    9.51  249.82   -0.63
