1948 1012.595 1012.353 1009.395 1013.949 1016.648 1013.599 1011.995 1010.344 1010.009 1008.402 1010.851 1013.684
1949 1008.697 1011.741 1014.623 1011.855 1019.461 1015.935 1010.576 1010.786 1012.040 1009.703 1017.210 1016.380
1950 1015.813 1013.054 1013.185 1015.264 1014.586 1010.058 1012.766 1012.299 1010.046 1012.676 1015.938 1018.685
1951 1013.197 1015.397 1023.860 1019.507 1017.492 1013.801 1010.808 1011.298 1014.062 1011.027 1011.031 1008.781
1952 1014.161 1019.006 1021.135 1015.020 1017.768 1014.427 1008.098 1010.152 1012.398 1012.599 1017.731 1016.994
1953 1016.348 1012.975 1012.548 1018.107 1016.772 1010.638 1008.959 1009.353 1008.597 1012.626 1009.749 1009.141
1954 1013.846 1011.198 1012.928 1016.467 1021.047 1012.982 1007.878 1010.039 1010.881 1009.608 1010.932 1011.043
1955 1012.531 1021.019 1023.128 1016.141 1015.550 1012.296 1007.344 1005.977 1011.102 1009.499 1018.021 1015.349
1956 1016.547 1019.242 1011.296 1019.420 1012.145 1009.974 1009.882 1011.966 1011.961 1009.145 1013.988 1013.874
1957 1007.939 1022.559 1020.222 1015.659 1018.715 1013.507 1011.638 1009.191 1013.587 1008.449 1017.523 1012.151
1958 1014.305 1019.408 1022.819 1017.849 1017.227 1014.554 1011.747 1012.500 1009.235 1009.546 1013.042 1018.191
1959 1020.645 1004.911 1008.022 1016.760 1016.480 1011.346 1009.913 1013.716 1012.295 1012.351 1016.573 1010.364
1960 1020.701 1020.046 1020.793 1018.305 1017.786 1012.206 1011.769 1014.174 1012.628 1013.294 1014.091 1012.214
1961 1016.475 1010.690 1016.706 1018.576 1014.325 1009.793 1010.132 1011.303 1008.954 1011.343 1010.360 1016.451
1962 1008.833 1015.315 1024.036 1012.716 1016.964 1011.894 1012.276 1010.242 1010.300 1011.859 1013.237 1014.378
1963 1020.595 1015.192 1014.089 1016.297 1014.330 1013.447 1010.641 1011.867 1008.974 1007.768 1012.898 1011.510
1964 1010.179 1012.938 1014.219 1016.130 1013.660 1010.061 1005.919 1014.259 1013.946 1009.958 1016.832 1014.138
1965 1015.035 1020.880 1016.532 1014.667 1016.471 1012.060 1012.531 1011.263 1014.482 1008.605 1017.232 1012.253
1966 1019.524 1019.011 1021.059 1024.168 1010.987 1008.159 1009.708 1012.972 1009.068 1015.346 1012.722 1015.782
1967 1012.290 1008.728 1010.627 1009.545 1015.406 1010.127 1009.363 1009.584 1007.112 1005.154 1010.867 1013.366
1968 1016.052 1017.165 1009.043 1016.413 1016.185 1010.659 1012.320 1011.773 1014.929 1013.944 1018.383 1014.379
1969 1023.792 1021.050 1018.749 1014.449 1017.523 1011.710 1009.143 1012.629 1010.131 1011.773 1010.573 1014.072
1970 1019.515 1018.932 1021.859 1017.156 1015.298 1006.835 1009.456 1010.889 1010.811 1011.564 1012.083 1012.985
1971 1014.656 1017.732 1018.274 1017.716 1011.994 1014.046 1011.557 1006.809 1009.944 1008.784 1011.603 1011.785
1972 1011.835 1014.886 1015.406 1014.448 1016.052 1013.116 1011.529 1009.355 1015.029 1008.882 1016.293 1008.874
1973 1005.550 1011.496 1011.990 1022.464 1014.437 1009.820 1007.886 1009.510 1010.469 1010.213 1015.712 1011.779
1974 1013.323 1016.624 1013.793 1014.605 1017.277 1011.045 1008.852 1011.937 1013.411 1014.669 1013.672 1010.131
1975 1008.470 1011.752 1014.813 1016.202 1017.460 1014.328 1007.375 1008.650 1007.640 1011.455 1011.163 1005.221
1976 1012.018 1007.195 1013.099 1015.042 1016.108 1011.443 1009.092 1005.616 1011.559 1014.001 1011.858 1016.961
1977 1024.312 1017.592 1017.042 1011.985 1014.668 1013.061 1012.499 1015.532 1009.023 1012.740 1012.469 1012.597
1978 1011.873 1017.727 1013.624 1018.933 1016.819 1011.171 1012.164 1010.412 1012.446 1008.771 1004.619 1014.228
1979 1018.769 1016.651 1020.172 1022.141 1017.273 1010.581 1010.300 1012.589 1012.985 1014.403 1011.302 1006.716
1980 1019.856 1012.487 1018.591 1017.347 1019.145 1010.023 1012.181 1010.073 1010.833 1011.791 1016.489 1014.902
1981 1007.509 1013.683 1018.982 1015.503 1013.325 1013.632 1008.194 1010.020 1015.421 1018.867 1012.236 1013.798
1982 1016.285 1012.576 1013.028 1012.760 1018.927 1015.202 1009.031 1010.522 1009.101 1013.989 1013.070 1010.357
1983 1009.570 1014.339 1015.110 1019.949 1017.480 1009.357 1009.371 1006.911 1011.832 1009.042 1011.494 1012.470
1984 1011.670 1014.152 1019.602 1018.578 1013.558 1011.983 1010.649 1008.060 1011.745 1014.199 1014.291 1011.428
1985 1018.630 1021.458 1013.259 1016.441 1017.459 1013.332 1012.977 1011.591 1012.065 1009.788 1016.932 1020.431
1986 1015.440 1017.439 1006.157 1016.362 1015.771 1008.111 1011.168 1011.691 1011.503 1007.199 1012.728 1010.801
1987 1011.625 1017.700 1019.800 1015.651 1015.499 1014.740 1011.271 1013.900 1010.461 1009.886 1014.776 1014.951
1988 1010.256 1016.391 1015.893 1016.893 1019.792 1010.367 1011.126 1008.641 1006.325 1009.606 1012.459 1004.624
1989 1004.599 1005.662 1011.382 1017.523 1014.262 1008.759 1005.835 1008.020 1006.890 1009.588 1012.320 1012.335
1990 1012.405 1006.092 1004.891 1008.937 1008.854 1011.266 1010.721 1012.126 1012.206 1009.338 1013.621 1009.618
1991 1012.063 1014.872 1015.400 1013.292 1013.941 1012.471 1009.747 1006.109 1011.944 1011.856 1011.382 1004.132
1992 1007.372 1010.828 1011.608 1020.983 1009.357 1011.278 1008.170 1008.602 1013.824 1011.278 1011.175 1007.029
1993 1001.604 1011.345 1010.944 1017.041 1020.466 1013.969 1011.775 1012.679 1012.691 1011.979 1006.687 1015.725
1994 1018.943 1016.350 1010.321 1017.021 1014.579 1006.890 1007.878 1005.351 1009.236 1008.682 1007.202 1008.744
1995 1013.363 1010.506 1015.202 1019.683 1017.690 1010.966 1011.122 1007.660 1010.996 1012.417 1014.488 1013.452
1996 1012.409 1009.830 1016.497 1021.136 1016.022 1010.965 1006.578 1008.989 1015.592 1013.312 1012.432 1017.525
1997 1010.458 1008.957 1013.706 1012.538 1019.665 1013.510 1010.769 1008.335 1008.817 1013.938 1011.815 1009.605
1998 1019.289 1012.315 1016.168 1016.126 1013.556 1015.265 1011.158 1009.221 1013.220 1013.061 1018.524 1010.379
1999 1013.578 1012.859 1021.413 1016.725 1016.829 1008.057 1011.007 1012.059 1009.592 1012.724 1010.932 1010.884
2000 1011.777 1010.371 1016.397 1016.811 1012.945 1009.277 1011.127 1011.051 1008.112 1010.979 1016.963 1019.675
2001 1012.908 1016.457 1020.897 1013.656 1014.629 1011.656 1009.611 1008.757 1012.028 1010.640 1007.670 1013.596
2002 1008.895 1013.069 1013.545 1015.566 1014.886 1009.007 1008.184 1011.427 1009.198 1015.469 1015.119 1013.070
2003 1011.772 1013.092 1011.567 1015.889 1012.643 1011.519 1009.454 1010.217 1008.258 1014.180 1012.927 1007.971
2004 1018.879 1018.249 1016.732 1019.021 1018.394 1014.232 1009.421 1011.328 1009.629 1012.241 1010.116 1009.803
2005 1011.608 1016.055 1016.780 1017.034 1017.672 1013.510 1009.589 1010.401 1008.736 1009.220 1014.207 1016.388
2006 1012.066 1014.242 1021.432 1017.962 1015.359 1008.056 1009.419 1009.817 1007.305 1015.002 1014.254 1003.689
2007 1007.645 1017.993 1012.475 1011.533 1013.992 1013.779 1010.920 1009.721 1010.542 1009.786 1014.094 1010.812
2008 1010.552 1010.711 1014.904 1019.153 1018.839 1012.316 1011.253 1009.704 1011.812 1006.754 1012.671 1011.371
2009 1009.228 1017.368 1018.530 1013.726 1012.581 1014.827 1015.381 1010.937 1008.445 1016.024 1010.609 1021.118
2010 1015.036 1024.820 1016.146 1016.046 1020.053 1012.089 1007.225 1010.065 1013.210 1012.678 1012.018 1020.699
2011 1016.075 1009.412 1007.185 1008.569 1016.707 1014.208 1011.337 1013.595 1007.718 1009.328 1008.600 1006.738
2012 1014.623 1012.165 1014.183 1016.796 1015.060 1012.701 1009.026 1009.298 1009.364 1016.670 1014.092 1018.386
2013 1017.483 1016.883 1025.854 1017.223 1015.015 1008.767 1010.637 1008.955 1012.519 1010.294 1005.758 1010.874
2014 1014.883 1016.331 1010.359 1009.536 1014.023 1013.778 1011.734 1010.281 1008.681 1016.640 1011.801 1012.479