12345 XYZ Abcdef Observations at 00Z 01 Jan 1900

-----------------------------------------------------------------------------
   PRES   HGHT   TEMP   DWPT   RELH   MIXR   DRCT   SKNT   THTA   THTE   THTV
    hPa     m      C      C      %    g/kg    deg   knot     K      K      K 
-----------------------------------------------------------------------------
 1000.0     89                                                               
  973.0    345   36.0   21.0     42  16.38     60      5  311.6  362.2  314.6
  944.6    610   32.5   20.4     49  16.27     55     12  310.6  360.7  313.7
  925.0    797   30.0   20.0     55  16.19     40     10  310.0  359.6  313.0
  924.0    807   30.0   20.0     55  16.21     38     10  310.1  359.8  313.1
  913.0    914   29.6   18.1     50  14.53     20      8  310.7  355.4  313.4
  909.0    953   29.4   17.4     48  13.95     12      8  310.9  353.9  313.5
  895.0   1092   30.8   12.8     33  10.48    345      8  313.7  346.6  315.7
  882.4   1219   29.8   14.2     39  11.69    320      8  314.0  350.6  316.2
  874.0   1304   29.2   15.2     43  12.58    320      9  314.2  353.6  316.6
  852.7   1524   28.0   11.3     35   9.95    320     11  315.1  346.6  317.0
  850.0   1552   27.8   10.8     35   9.66    320     11  315.2  345.8  317.1
  823.8   1829   27.2    5.6     25   6.95    300     12  317.5  339.9  318.8
  822.0   1848   27.2    5.2     25   6.79    299     12  317.6  339.6  318.9
  795.4   2134   24.5    4.7     28   6.78    280     14  317.8  339.7  319.1
  767.9   2438   21.6    4.2     32   6.77    285     16  317.9  339.7  319.2
  741.4   2743   18.7    3.7     37   6.76    290     16  317.9  339.7  319.2
  719.0   3009   16.2    3.2     42   6.74    301     18  317.9  339.7  319.2
  700.0   3236   14.8   -0.2     36   5.42    310     19  318.8  336.6  319.9
  665.7   3658   11.4   -3.6     35   4.42    310     20  319.6  334.2  320.5
  660.0   3730   10.8   -4.2     35   4.27    312     20  319.7  333.9  320.6
  618.0   4267    6.2   -3.8     49   4.70    325     17  320.5  336.1  321.4
  595.4   4572    3.5   -3.5     60   4.97    330     17  320.9  337.3  321.8
  573.6   4877    0.9   -3.3     74   5.25    325     16  321.2  338.6  322.2
  564.0   5015   -0.3   -3.2     81   5.39    319     18  321.4  339.1  322.4
  556.0   5129   -1.1   -4.8     76   4.84    315     20  321.7  337.8  322.7
  553.0   5173   -0.9   -9.9     50   3.28    313     20  322.5  333.6  323.1
  538.0   5392   -2.5   -5.3     81   4.82    304     24  323.1  339.2  324.0
  531.6   5486   -3.0   -7.3     72   4.17    300     25  323.6  337.6  324.4
  525.0   5586   -3.5   -9.5     63   3.56    301     24  324.2  336.3  324.9
  512.0   5784   -4.7   -8.6     74   3.92    303     23  325.0  338.4  325.8
  500.0   5970   -5.7  -14.7     49   2.46    305     21  326.0  334.6  326.5
  499.0   5986   -5.7  -14.7     49   2.46    305     21  326.2  334.8  326.7
  496.0   6033   -5.5  -26.5     17   0.89    305     21  327.0  330.3  327.2
  494.0   6065   -5.9  -30.9     12   0.59    305     21  326.9  329.2  327.0
  492.0   6096   -6.2  -26.3     19   0.91    305     21  327.0  330.4  327.1
  488.0   6161   -6.7  -16.7     45   2.13    305     21  327.1  334.6  327.5
  483.0   6241   -7.1  -27.1     19   0.86    306     21  327.5  330.8  327.7
  470.0   6454   -8.3  -46.3      3   0.13    307     20  328.6  329.1  328.6
  455.0   6705   -9.7  -41.7      5   0.22    309     20  329.9  330.8  330.0
  453.0   6739   -9.7  -33.7     12   0.49    309     20  330.3  332.2  330.4
  451.0   6773  -10.1  -20.1     44   1.73    309     20  330.2  336.5  330.6
  442.0   6929  -10.9  -18.9     52   1.95    310     19  331.1  338.2  331.5
  431.0   7123  -12.3  -21.3     47   1.63    312     19  331.8  337.7  332.1
  423.0   7266  -13.3  -19.3     61   1.97    313     19  332.3  339.4  332.7
  416.0   7393  -14.1  -22.1     51   1.57    313     18  332.8  338.6  333.1
  403.7   7620  -15.9  -21.5     62   1.71    315     18  333.3  339.6  333.7
  400.0   7690  -16.5  -21.3     66   1.76    320     19  333.5  339.9  333.8
  375.0   8172  -20.3  -24.5     69   1.41    328     20  334.6  339.9  334.9
  350.0   8680  -22.9  -30.9     48   0.84    337     21  337.8  341.0  338.0
  328.3   9144  -26.6  -38.0     33   0.44    345     22  339.0  340.8  339.1
  313.0   9489  -29.3  -43.3     25   0.27    345     25  339.8  340.9  339.9
  300.0   9790  -31.5  -44.5     27   0.24    345     27  340.9  341.9  340.9
  264.2  10668  -38.6  -51.6     24   0.12    330     30  343.1  343.6  343.1
  250.0  11050  -41.7  -54.7     23   0.09    335     33  343.9  344.3  343.9
  230.9  11582  -45.5  -61.2     15   0.04    345     34  346.1  346.2  346.1
  216.0  12028  -48.7  -66.7     11   0.02    343     35  347.8  347.9  347.8
  200.0  12530  -52.9  -64.9     22   0.03    340     36  348.8  349.0  348.8
  195.0  12693  -54.5  -65.5     24   0.03    340     34  348.8  349.0  348.8
  191.6  12802  -55.2  -66.2     24   0.03    340     33  349.4  349.5  349.4
  165.5  13716  -61.5  -71.9     24   0.01    320     36  353.8  353.9  353.9
  150.1  14326  -65.7  -75.7     24   0.01    335     41  356.7  356.7  356.7
  150.0  14330  -65.7  -75.7     24   0.01    335     41  356.7  356.8  356.7
  135.4  14935  -70.0  -78.7     27   0.01    345     26  359.6  359.6  359.6
  128.6  15240  -72.2  -80.2     29   0.01    330     22  361.0  361.1  361.0
  122.2  15545  -74.4  -81.7     32   0.00    310     20  362.4  362.4  362.4
  119.0  15701  -75.5  -82.5     33   0.00    305     22  363.1  363.1  363.1
  116.0  15850  -73.4  -81.2     30   0.00    305     23  369.7  369.7  369.7
  115.0  15900  -72.7  -80.7     29   0.01    308     23  371.9  371.9  371.9
  110.1  16154  -72.5  -80.2     31   0.01    325     21  376.9  376.9  376.9
  104.5  16459  -72.3  -79.5     33   0.01      5     21  383.0  383.0  383.0
  101.0  16661  -72.1  -79.1     34   0.01     28     11  387.1  387.1  387.1
  100.0  16720  -70.9  -78.9     30   0.01     35      8  390.5  390.5  390.5
   99.3  16764  -70.7  -79.0     29   0.01     75      5  391.6  391.7  391.6
   94.4  17069  -69.5  -79.6     22   0.01     65      8  399.7  399.8  399.7
   85.3  17678  -67.1  -80.9     13   0.01     95      7  416.4  416.4  416.4
   81.1  17983  -65.8  -81.5     10   0.01     40      8  424.9  425.0  424.9
   77.1  18288  -64.6  -82.1      7   0.01     60     15  433.6  433.7  433.7
   73.3  18593  -63.4  -82.7      6   0.01     85     12  442.5  442.6  442.5
   70.0  18870  -62.3  -83.3      4   0.01     95      7  450.8  450.8  450.8
   69.7  18898  -62.1  -83.3      4   0.01     95      7  451.8  451.8  451.8
   67.4  19104  -60.7  -83.7      3   0.01     81     10  459.1  459.2  459.1
   66.3  19202  -60.6  -83.8      3   0.01     75     11  461.4  461.5  461.4
   63.2  19507  -60.2  -84.0      3   0.01     95     14  468.8  468.8  468.8
   60.2  19812  -59.8  -84.3      3   0.01     65     16  476.2  476.3  476.3
   54.6  20422  -59.0  -84.8      2   0.01    100     25  491.5  491.6  491.5
   52.0  20726  -58.6  -85.1      2   0.01    110     14  499.3  499.4  499.3
   50.0  20970  -58.3  -85.3      2   0.01     85     12  505.7  505.7  505.7
   49.5  21031  -58.2  -85.3      2   0.01     80     12  507.3  507.3  507.3
   47.2  21336  -57.7  -85.1      2   0.01     70     23  515.5  515.6  515.5
   42.9  21946  -56.6  -84.8      2   0.01     90     24  532.5  532.5  532.5
   35.4  23165  -54.5  -84.2      1   0.01     75     37  567.9  568.0  567.9
   30.7  24079  -52.9  -83.8      1   0.01     95     37  595.9  596.0  595.9
   30.0  24220  -52.7  -83.7      1   0.01     95     39  600.4  600.5  600.4
   27.9  24688  -53.3  -84.3      1   0.01     93     39  611.3  611.4  611.3
   21.1  26518  -46.6  -82.6      1   0.02     85     40  682.2  682.5  682.2
   20.0  26870  -45.3  -82.3      1   0.02    100     34  696.7  697.0  696.8
   19.7  26971  -45.1  -82.1      1   0.02     99     32  700.4  700.6  700.4
   18.4  27432  -45.5  -81.7      1   0.03     95     25  713.0  713.3  713.0
   15.2  28698  -46.7  -80.7      1   0.04     87     33  748.9  749.4  749.0
   11.7  30480  -43.4  -79.5      1   0.06     75     44  819.8  820.6  819.8
   10.5  31178  -42.1  -79.1      1   0.07     75     51  849.3  850.3  849.4
   10.0  31510  -40.3  -78.3      1   0.09     75     55  868.0  869.1  868.0
    8.9  32317  -37.6  -77.5      1   0.11     80     62  907.9  909.4  908.0
    8.9  32309  -37.6  -77.5      1   0.11     80     62  907.5  909.0  907.6
    7.5  33528  -33.4  -76.3      1   0.16     85     56  971.1  973.4  971.2
    7.2  33833  -32.4  -76.0      0   0.17     85     53  987.7  990.2  987.8
    7.0  33980  -31.9  -75.9      0   0.18                995.8  998.4  995.9
    6.9  34082  -31.9  -75.9      0   0.18                999.9 1002.6 1000.0