lat Jan Feb Mar Apr May Jun Jul Aug Sep Oct Nov Dec
90 246.2368 246.4411 247.6879 247.5317 252.6395 261.9084 264.6072 262.9395 258.8426     nan     nan     nan
87 246.5432 246.5773 247.8535 247.8030 252.9442 262.0616 264.8208 263.1492 259.0920     nan     nan     nan
85 247.1905 246.8838 248.2505 248.5250 253.7603 262.3861 265.3593 263.6896 259.7361     nan     nan     nan
82 247.6895 247.2091 248.6959 249.4813 254.8433 262.6851 266.0686 264.3800 260.5304     nan     nan     nan
80 247.9116 247.5449 249.0967 250.5279 255.9550 262.9831 266.8720 265.0578 261.3140     nan     nan     nan
77 248.1722 247.9924 249.5284 251.6370 257.0029 263.5069 267.7744 265.6941 262.0811     nan     nan     nan
75 248.7839 248.5841 250.1208 252.7937 258.0595 264.4047 268.7266 266.3829 262.9044     nan     nan     nan
72 249.7201 249.2529 250.9049 253.9229 259.2348 265.5929 269.5957 267.1986 263.8245     nan     nan     nan
70 250.7452 249.9777 251.8134 254.9617 260.5264 266.8737 270.2933 268.0993 264.7914     nan     nan     nan
67 251.7224 250.8227 252.7813 255.9497 261.8024 268.0879 270.8788 268.9838 265.6863     nan     nan     nan
65 252.6823 251.8031 253.7720 256.9807 262.9223 269.1288 271.4786 269.8337 266.4275     nan     nan     nan
62 253.6821 252.8218 254.7198 258.0812 263.8467 269.9327 272.1495 270.7346 267.1033     nan     nan     nan
60 254.7399 253.7997 255.5640 259.1981 264.6623 270.5389 272.8684 271.7593 267.9729     nan     nan     nan
57 255.8814 254.7952 256.3705 260.3102 265.5024 271.0971 273.6214 272.8772 269.2420     nan     nan     nan
55 257.1293 255.9279 257.3126 261.4728 266.4618 271.7391 274.4486 274.0176 270.8464     nan     nan     nan
52 258.4435 257.2393 258.4895 262.7434 267.5725 272.4915 275.4142 275.1849 272.5399     nan     nan     nan
50 259.7612 258.6964 259.8566 264.1496 268.8359 273.3640 276.5746 276.4538 274.1946     nan     nan     nan
47 261.1031 260.2770 261.3802 265.7356 270.2538 274.4390 277.9437 277.8424 275.8813     nan     nan     nan
45 262.5499 261.9652 263.1456 267.5584 271.8005 275.7719 279.4370 279.2458 277.6367     nan     nan     nan
42 264.1064 263.6984 265.2208 269.5795 273.3919 277.2630 280.8650 280.5374 279.2985     nan     nan     nan
40 265.6876 265.4367 267.5017 271.6301 274.9402 278.7439 282.0588 281.6927 280.6851     nan     nan     nan
37 267.2832 267.2576 269.8174 273.5645 276.4331 280.1499 282.9937 282.7447 281.7983     nan     nan     nan
35 269.0171 269.2881 272.1154 275.3839 277.9225 281.4795 283.7156 283.6352 282.7107     nan     nan     nan
32 270.9826 271.5174 274.4081 277.1468 279.4001 282.6151 284.2013 284.1993 283.3496     nan     nan     nan
30 273.0879 273.7799 276.5948 278.8114 280.7603 283.3603 284.3908 284.3629 283.5985     nan     nan     nan
27 275.1500 275.9297 278.4904 280.2553 281.9037 283.7027 284.3531 284.2828 283.5753     nan     nan     nan
25 277.0766 277.9332 280.0148 281.4173 282.8313 283.8637 284.2771 284.1927 283.5751     nan     nan     nan
22 278.8589 279.7498 281.2258 282.3228 283.5731 284.0169 284.2545 284.1539 283.7019     nan     nan     nan
20 280.4322 281.2352 282.1643 282.9839 284.0884 284.0919 284.1897 284.0559 283.7675     nan     nan     nan
17 281.6534 282.2547 282.8008 283.3904 284.3047 283.9554 283.9846 283.8295 283.6036     nan     nan     nan
15 282.4414 282.8246 283.1497 283.5816 284.2399 283.6512 283.6884 283.5325 283.3043     nan     nan     nan
12 282.8468 283.0688 283.3128 283.6352 284.0078 283.3297 283.3849 283.2193 283.0263     nan     nan     nan
10 282.9836 283.0899 283.3564 283.5776 283.7182 283.0348 283.0596 282.8656 282.7641     nan     nan     nan
7 282.9622 282.9623 283.2740 283.4019 283.4238 282.7291 282.6945 282.4898 282.4590     nan     nan     nan
5 282.8922 282.8030 283.1045 283.1744 283.1752 282.4672 282.3955 282.2245 282.2042     nan     nan     nan
2 282.8640 282.7213 282.9736 283.0309 283.0343 282.3654 282.2772 282.1637 282.1309     nan     nan     nan
0 282.8750 282.7081 282.9615 283.0304 283.0206 282.4123 282.2952 282.2283 282.1954     nan     nan     nan
